255
255
255
255
255
255
255
255
255
255
255
255
255
255
255
255
255
255
255
255
255
255
255
255
255
255
255
255
255
255
255
255
255
253
253
255
255
255
255
252
255
254
253
254
255
255
253
252
254
255
255
255
255
254
253
252
255
253
253
253
255
255
255
254
255
254
254
255
255
255
255
255
255
254
255
255
255
254
253
255
255
255
255
255
255
255
255
255
255
255
255
255
255
255
255
255
255
255
255
255
255
255
255
255
255
255
255
255
255
255
255
255
255
255
255
255
255
255
255
255
255
255
255
255
255
255
255
255
255
255
255
255
251
255
255
255
252
252
255
255
255
255
255
255
255
255
255
254
255
255
253
250
249
251
254
255
255
255
255
255
255
255
255
255
255
255
255
253
252
253
254
255
255
255
255
255
254
252
252
255
255
255
255
255
255
255
255
255
255
255
255
255
255
255
255
255
255
255
255
255
255
255
255
255
255
255
255
255
255
255
255
255
255
255
255
255
255
255
255
255
255
255
255
255
255
255
255
255
255
255
255
255
253
255
255
252
251
254
252
249
253
254
255
255
250
237
220
208
184
181
176
173
173
176
180
183
196
208
226
243
253
255
254
252
255
255
255
254
254
255
255
255
255
255
254
254
254
253
253
254
255
255
255
255
255
255
255
255
255
255
255
255
255
255
255
255
255
255
255
255
255
255
255
255
255
255
255
255
255
255
255
255
255
255
255
255
255
255
255
255
255
255
255
255
255
255
255
255
255
255
255
255
255
255
255
252
254
255
255
255
251
232
205
181
165
158
154
153
161
160
159
158
158
158
159
160
156
155
155
159
173
195
219
234
250
255
255
253
253
255
255
252
253
253
254
255
255
255
255
254
255
255
255
255
255
255
255
255
255
255
255
255
255
255
255
255
255
255
255
255
255
255
255
255
255
255
255
255
255
255
255
255
255
255
255
255
255
255
255
255
255
255
255
255
255
255
255
255
255
255
255
255
255
254
252
255
255
248
220
193
162
158
154
154
158
164
167
168
168
168
169
170
170
170
169
168
168
168
167
163
158
154
153
152
178
206
238
254
255
253
254
255
254
255
255
255
255
255
255
255
255
255
255
255
255
255
255
255
255
255
255
255
255
255
255
255
255
255
255
255
255
255
255
255
255
255
255
255
255
255
255
255
255
255
255
255
255
255
255
255
255
255
255
255
255
255
255
255
255
255
255
255
252
255
255
235
199
169
157
156
164
164
165
168
172
176
178
178
176
176
176
176
176
177
177
177
177
178
178
177
173
169
165
163
158
154
161
188
225
251
255
255
255
255
255
254
252
254
255
255
255
255
255
255
255
255
255
255
255
255
255
255
255
255
255
255
255
255
255
255
255
255
255
255
255
255
255
255
255
255
255
255
255
255
255
255
255
255
255
255
255
255
255
255
255
255
255
255
255
255
255
255
255
228
190
166
158
158
164
171
173
175
178
179
178
176
174
173
181
182
182
183
183
183
183
183
179
177
175
173
174
176
178
179
174
168
159
150
149
171
215
254
249
254
255
254
252
253
255
255
255
255
255
255
255
255
255
255
255
255
255
255
255
255
255
255
255
255
255
255
255
255
255
255
255
255
255
255
255
255
255
255
255
255
255
255
255
255
255
255
255
255
255
255
255
255
255
255
255
255
255
255
192
168
151
155
167
173
175
177
176
177
178
180
186
195
207
215
222
224
227
230
230
229
227
225
217
211
203
195
188
181
175
171
176
175
177
175
163
151
156
169
235
247
255
255
255
255
255
255
255
255
255
255
255
255
255
255
255
255
255
255
255
255
255
255
255
255
255
255
255
255
255
255
255
255
255
255
255
255
255
255
255
255
255
255
255
255
255
255
254
251
252
255
254
254
253
255
255
251
209
162
159
162
169
174
175
174
176
181
182
197
215
227
236
244
248
247
250
250
250
250
250
250
250
250
251
249
246
242
234
221
204
191
179
175
172
175
178
175
166
157
150
188
232
255
255
253
255
255
255
255
255
255
255
255
254
252
255
255
255
255
255
255
255
255
255
255
255
255
255
255
255
255
255
255
255
255
255
255
255
255
255
255
255
255
253
255
255
254
255
255
255
254
255
255
254
255
234
183
154
163
166
174
179
176
174
182
198
212
235
239
243
243
242
242
242
242
241
241
241
241
241
241
241
241
240
240
241
244
247
248
245
242
227
210
189
178
176
178
176
173
166
153
164
208
249
255
255
250
255
255
254
253
255
255
253
255
255
255
255
255
255
255
255
255
255
255
255
255
255
255
255
255
255
255
255
255
255
255
255
255
255
255
255
255
254
254
254
255
255
255
255
252
251
255
255
213
163
159
172
165
182
179
177
185
201
221
237
247
245
243
242
241
240
238
239
241
239
239
239
239
239
239
239
239
240
239
239
239
240
242
244
244
247
244
233
214
193
180
177
179
174
169
156
155
189
237
255
254
250
255
255
255
255
254
253
255
255
255
255
255
255
255
255
255
255
255
255
255
255
255
255
255
255
255
255
255
255
255
255
255
255
255
255
255
255
254
253
255
255
251
252
255
255
245
198
153
152
170
177
179
178
181
196
223
244
249
246
242
240
237
237
241
241
238
238
240
241
241
241
241
241
241
241
241
239
240
241
240
238
236
236
237
242
244
245
243
232
213
191
176
180
183
179
165
154
171
218
255
255
253
252
255
255
254
253
254
255
255
255
255
255
255
255
255
255
255
255
255
255
255
255
255
255
255
255
255
255
255
255
255
255
255
255
255
255
255
254
255
255
255
255
255
249
183
154
167
174
182
188
178
191
210
232
244
242
235
232
233
238
235
236
240
241
238
237
240
238
238
238
238
238
238
238
238
235
237
240
241
240
239
240
241
236
232
233
241
248
242
223
205
183
176
180
186
168
149
169
208
255
255
251
252
255
255
253
255
255
255
255
255
255
255
255
255
255
255
255
255
255
255
255
255
255
255
255
255
255
255
255
255
255
255
255
255
251
255
255
254
255
255
253
238
166
161
164
177
181
171
174
192
240
253
255
255
249
247
246
244
235
234
234
235
235
235
236
239
237
237
237
237
237
237
237
237
237
238
238
237
235
235
237
239
236
236
235
235
236
238
240
241
210
193
178
176
178
174
162
153
202
248
255
255
253
255
255
255
255
255
255
255
255
255
255
255
255
255
255
255
255
255
255
255
255
255
255
255
255
255
255
255
255
255
255
255
251
255
255
253
255
254
223
186
160
159
176
182
171
192
232
248
253
234
212
202
206
220
238
253
241
243
242
238
234
234
235
235
237
237
237
237
237
237
237
237
237
238
237
237
236
237
239
240
240
239
237
234
233
234
237
240
246
222
194
181
181
180
170
159
157
204
249
255
253
254
255
255
255
255
255
255
255
255
255
255
255
255
255
255
255
255
255
255
255
255
255
255
255
255
255
255
255
255
255
255
255
255
254
254
255
239
188
138
167
179
183
179
200
238
225
172
115
 83
 57
 51
 50
 61
100
145
233
239
242
238
235
236
236
234
234
234
234
234
234
234
234
234
232
233
235
236
236
235
233
232
235
235
234
235
235
234
232
231
238
247
231
194
176
184
184
170
159
151
200
255
255
248
255
255
255
255
255
255
255
255
255
255
255
255
255
255
255
255
255
255
255
255
255
255
255
255
255
255
255
255
255
255
255
255
252
255
253
168
159
168
176
177
180
213
207
146
 53
 39
 49
 61
 70
 72
 72
 69
 51
 31
 53
154
245
255
223
236
231
233
234
234
234
234
234
234
234
234
235
235
233
233
235
235
233
229
235
235
235
234
234
234
234
234
229
234
237
238
199
181
181
181
171
167
149
205
255
254
255
250
255
254
255
255
255
254
255
255
255
255
255
255
255
255
255
255
255
255
255
255
255
255
255
255
255
255
255
255
254
254
255
252
195
163
164
175
181
188
223
173
 76
 36
 56
 91
 81
 78
 75
 71
 70
 74
 82
 89
 61
 29
103
234
255
225
239
231
233
233
233
233
233
233
233
233
231
231
235
235
235
234
232
241
233
232
231
229
229
230
231
232
237
227
227
244
225
199
182
185
177
180
161
163
229
255
245
255
255
254
255
255
255
253
253
255
255
255
255
255
255
255
255
255
255
255
255
255
255
255
255
255
255
255
255
255
255
253
255
199
165
163
177
179
179
207
174
 58
 43
 84
 93
 67
 71
 93
118
130
124
105
 80
 61
 72
 62
 29
 95
246
251
218
238
231
231
231
231
231
231
231
231
232
233
233
226
229
233
227
231
226
228
230
232
232
232
231
230
229
226
225
234
235
224
195
180
185
180
174
154
178
237
255
255
255
253
254
255
255
254
253
254
255
255
255
255
255
255
255
255
255
255
255
255
255
255
255
255
255
255
255
255
255
255
228
151
167
174
183
186
190
211
100
 40
 90
 73
 67
125
202
229
249
251
251
245
219
187
103
 74
 40
 19
125
240
237
225
230
230
230
230
230
230
230
230
229
227
225
228
233
230
228
236
245
245
246
248
249
250
251
251
247
249
244
233
234
241
220
194
182
181
178
174
152
185
255
253
254
253
253
255
255
255
255
255
255
255
255
255
255
255
255
255
255
255
255
255
255
255
255
255
255
255
255
255
255
245
182
156
169
182
181
188
215
181
 50
 51
 66
104
201
255
249
253
248
239
242
253
255
247
255
199
130
 23
 11
194
254
228
229
229
229
229
229
229
229
229
222
236
234
228
232
246
253
241
234
223
207
189
176
170
168
169
180
201
230
241
242
245
234
205
181
191
179
179
166
156
207
255
255
255
255
255
255
255
255
255
255
255
255
255
255
255
255
255
255
255
255
255
255
255
255
255
255
255
255
255
255
196
157
171
181
175
191
181
234
222
 37
 42
158
254
255
234
227
221
220
225
224
219
222
230
242
255
246
188
100
187
240
227
228
228
228
228
228
228
228
228
234
223
228
242
239
213
163
113
 89
 81
 69
 57
 48
 45
 45
 46
 56
 63
 79
109
165
225
255
225
202
188
186
176
178
162
162
240
255
255
255
255
253
254
255
255
255
255
255
255
255
255
255
255
255
255
255
255
255
255
255
255
255
255
255
255
232
161
162
174
194
177
197
193
225
246
191
219
255
244
211
228
229
225
223
226
228
229
232
236
232
241
232
255
251
233
218
229
226
226
226
226
226
226
226
226
227
219
246
215
123
 53
 34
 53
 51
 53
 57
 62
 65
 67
 68
 68
 54
 60
 43
 20
 18
 66
184
250
224
188
191
184
178
173
160
191
248
255
255
255
253
254
254
254
255
255
255
255
255
255
255
255
255
255
255
255
255
255
255
255
255
255
255
255
188
163
174
180
187
193
188
223
227
220
255
254
219
224
225
221
219
229
228
219
226
241
233
210
216
234
230
225
230
236
230
219
224
224
224
224
224
224
224
224
224
238
233
100
  0
 34
 59
 58
 68
 71
 76
 81
 84
 85
 84
 82
 86
 82
 77
 79
 42
 10
126
246
226
207
188
189
183
175
172
151
238
248
255
255
254
255
255
255
255
255
255
255
255
255
255
255
255
255
255
255
254
253
255
250
255
251
255
223
158
166
178
186
187
190
206
225
221
221
221
221
222
222
222
222
220
231
216
223
249
199
103
 63
 54
119
219
242
210
225
222
223
222
222
222
222
222
222
222
222
229
224
234
158
 85
103
122
131
148
166
187
205
216
215
218
227
224
220
214
212
217
226
227
224
222
219
197
189
189
180
173
163
183
255
253
255
255
255
254
255
255
255
255
255
255
255
255
255
255
255
255
255
255
250
254
255
255
255
247
187
161
170
181
188
189
195
210
225
220
220
221
221
221
221
222
222
226
220
228
241
177
 71
 42
 54
 52
 34
102
226
241
218
225
222
222
222
222
222
222
222
222
222
219
217
227
247
249
238
245
255
254
255
255
243
247
255
250
247
245
248
250
250
250
246
234
223
222
222
202
192
190
183
177
167
158
215
255
253
253
255
254
255
255
255
255
255
255
255
255
255
255
255
255
255
255
249
252
255
254
255
224
156
166
176
185
189
193
203
216
224
219
219
220
220
220
220
221
221
221
215
238
200
 92
 42
 77
100
 99
 61
 37
162
246
216
220
222
220
220
220
220
220
220
220
220
218
218
220
224
235
251
245
217
197
207
240
232
212
215
219
218
218
219
218
217
218
219
218
214
220
224
209
196
191
187
182
172
160
181
255
255
255
255
253
255
255
255
255
255
255
255
255
255
255
255
255
255
255
252
255
255
251
249
194
154
170
181
188
190
196
209
219
221
218
218
218
219
219
219
219
219
217
225
239
127
 51
 90
112
104
103
106
 43
109
232
228
217
221
219
219
219
219
219
219
219
219
221
221
223
211
230
226
139
 71
 40
 56
141
223
239
215
217
216
219
219
218
217
217
218
220
220
218
224
215
199
191
190
186
176
166
154
228
254
252
255
254
255
255
255
255
255
255
255
255
255
255
255
255
255
255
254
255
255
255
233
168
166
175
184
190
191
198
212
219
218
217
217
217
217
217
218
218
218
212
227
204
 82
 64
111
108
106
108
108
 70
106
218
227
209
211
217
217
217
217
217
217
217
217
217
218
211
234
230
125
 35
 43
 69
 41
 45
139
231
219
218
225
218
219
220
221
220
217
216
216
215
220
218
202
191
192
189
180
177
155
193
254
252
255
255
254
255
255
255
255
255
255
255
255
255
255
255
255
255
253
255
252
255
211
158
173
180
187
192
193
200
212
218
216
215
215
216
216
216
216
217
217
220
240
168
 68
 89
107
109
121
117
107
 74
 96
215
229
210
222
216
216
216
216
216
216
216
216
214
212
217
237
143
 35
 67
103
104
 99
 49
 78
206
228
210
213
213
212
212
213
214
214
215
218
214
216
219
205
193
194
190
184
182
169
174
247
255
255
255
255
255
255
255
255
255
255
255
255
255
255
255
255
255
251
255
251
251
180
163
174
185
190
194
196
202
212
216
215
214
214
215
215
215
215
216
216
210
231
152
 68
101
112
119
121
113
114
 69
 97
228
222
205
215
214
214
214
214
214
214
214
214
216
207
237
200
 74
 57
116
 94
 94
111
 84
 54
163
227
214
216
216
214
215
218
218
215
212
213
215
213
220
208
195
196
191
188
172
168
159
211
255
254
255
255
255
255
255
255
255
255
255
255
255
255
255
255
255
251
255
250
237
154
173
175
188
192
196
199
204
211
215
216
214
214
214
214
215
215
215
215
218
219
159
 75
 98
113
116
118
114
107
 68
129
247
213
213
212
214
214
214
214
214
214
214
214
217
207
244
140
 47
 88
101
114
122
 97
102
 66
147
228
216
214
216
212
212
216
217
215
213
215
216
212
220
211
198
197
191
190
184
179
162
185
255
255
253
255
255
255
255
255
255
255
255
255
255
255
255
255
255
251
255
253
209
158
172
183
187
194
197
198
205
213
214
209
214
213
213
212
211
211
210
210
210
228
170
 76
 96
115
119
119
120
 94
 65
184
244
205
211
215
212
212
212
212
212
212
212
212
215
211
224
112
 60
104
110
117
119
104
104
 69
148
222
216
212
210
210
211
211
212
213
213
214
211
212
212
209
203
197
193
191
187
177
165
168
246
255
255
253
255
255
255
255
255
255
255
255
255
255
255
255
255
253
255
253
193
160
174
185
189
194
197
198
204
212
214
209
212
212
212
211
211
211
211
211
208
226
192
 85
 83
117
112
122
113
 56
135
237
217
206
215
210
212
212
212
212
212
212
212
212
207
226
215
106
 69
107
115
118
117
114
111
 63
148
228
210
211
211
211
211
211
211
212
212
212
211
212
212
209
203
198
194
192
188
180
170
164
229
254
255
255
255
255
255
255
255
255
255
255
255
255
255
255
255
255
255
250
170
163
177
188
191
195
198
198
203
210
212
209
210
210
210
210
211
211
211
211
211
219
237
146
 58
 90
117
100
 56
 99
212
235
199
212
202
204
204
204
204
204
204
204
204
204
208
221
202
100
 74
111
112
119
114
115
 90
 81
189
231
203
215
211
211
211
211
210
210
210
210
210
211
211
208
204
199
195
194
190
183
175
159
204
254
252
255
255
255
255
255
255
255
255
255
255
255
255
255
255
255
254
244
152
167
180
189
193
196
198
198
202
208
210
208
209
209
209
209
209
209
209
209
213
195
229
229
119
 62
 74
 64
114
214
232
196
201
206
195
206
200
200
200
200
200
200
200
200
195
201
212
117
 70
116
114
107
115
118
 71
113
220
218
208
209
209
209
209
209
209
209
209
209
209
209
209
207
204
200
197
195
192
185
178
157
183
255
251
255
255
255
255
255
255
255
255
255
255
255
255
255
253
255
254
231
146
171
182
189
195
197
199
199
201
205
207
207
209
208
208
207
207
206
206
206
206
202
197
234
225
177
154
180
230
235
199
194
208
196
201
203
202
202
202
202
202
202
202
202
202
203
226
151
 60
 93
131
120
123
 84
 74
171
230
193
203
202
206
206
206
207
207
208
208
209
208
207
207
205
204
201
199
197
194
187
178
159
170
255
254
255
255
255
255
255
255
255
255
255
255
255
255
255
253
253
255
212
151
174
184
189
196
198
200
201
201
203
205
205
207
207
206
205
205
204
203
203
202
209
197
190
215
243
227
242
228
193
195
201
204
201
199
201
202
202
202
202
202
202
202
202
204
196
214
207
102
 55
 99
109
 83
 66
146
229
215
189
205
202
203
203
204
205
205
206
207
207
206
205
204
203
203
202
199
198
194
189
177
166
162
247
255
254
255
255
255
255
255
255
255
255
255
255
255
255
255
251
255
192
161
175
186
190
196
198
201
202
202
202
203
204
204
204
204
203
203
203
202
202
204
195
206
204
192
206
203
199
195
197
216
196
198
205
198
205
200
200
200
200
200
200
200
200
205
199
206
242
185
 94
 66
 75
 89
148
231
225
188
203
213
200
202
202
203
203
203
204
204
204
204
203
202
202
202
202
200
198
192
192
178
173
156
230
255
254
255
255
255
255
255
255
255
255
255
255
255
255
255
250
255
179
168
175
187
192
196
198
201
203
202
201
201
203
201
202
202
202
202
202
202
203
203
210
198
204
206
199
204
196
201
199
203
201
205
200
207
200
203
203
203
203
203
203
203
203
203
206
191
202
235
223
161
166
211
242
222
190
202
205
193
204
203
202
202
202
202
202
202
201
203
202
200
201
202
202
200
198
191
194
179
178
151
216
255
255
255
255
255
255
255
255
255
255
255
255
255
255
254
255
243
165
163
180
186
192
196
199
201
202
202
201
202
202
201
202
202
202
202
203
203
203
202
202
202
202
202
202
202
202
202
202
202
202
202
202
202
202
202
202
202
202
202
202
202
202
200
201
198
197
205
221
235
241
225
212
201
200
204
205
203
201
203
203
203
202
202
202
202
201
202
202
202
202
202
201
200
199
191
191
185
171
157
198
255
254
255
255
255
255
255
255
255
255
255
255
255
255
254
255
240
164
164
180
185
193
196
198
201
202
202
201
201
202
201
201
202
202
202
202
203
203
202
202
202
202
202
202
202
202
202
202
202
202
202
202
202
202
202
202
202
202
202
202
202
202
205
206
204
200
200
203
205
203
204
199
198
202
205
204
203
204
203
203
202
202
202
202
201
201
202
202
202
202
201
200
200
199
192
191
184
172
158
196
255
255
255
255
255
255
255
255
255
255
255
255
255
255
255
252
234
162
165
180
185
193
196
198
200
202
201
201
201
202
201
201
201
201
202
202
202
202
202
202
202
202
202
202
202
202
202
202
202
202
202
202
202
202
202
202
202
202
202
202
202
202
199
202
203
203
203
202
200
197
197
198
201
204
203
200
200
202
202
202
202
202
201
201
201
201
201
201
201
201
201
200
199
198
192
189
183
174
158
193
253
255
255
255
255
255
255
255
255
255
255
255
255
255
255
250
231
162
166
180
185
194
195
197
200
201
201
200
201
201
200
200
201
201
201
201
202
202
202
202
202
202
202
202
202
202
202
202
202
202
202
202
202
202
201
201
201
201
201
201
201
201
203
204
204
203
203
203
203
202
205
205
205
203
201
199
200
202
202
202
201
201
201
201
200
200
200
201
201
201
200
199
198
198
193
188
182
174
158
191
252
255
255
255
255
255
255
255
255
255
255
255
255
255
255
251
233
163
167
180
184
194
195
197
199
200
200
200
200
201
200
200
200
200
201
201
201
201
202
202
202
202
202
202
202
202
202
202
202
202
202
202
202
202
202
202
202
202
202
202
202
202
205
203
201
200
200
200
201
202
205
203
201
200
202
204
205
204
201
201
201
201
200
200
200
200
200
200
200
200
199
198
197
197
193
188
182
174
159
192
252
255
255
255
255
255
255
255
255
255
255
255
255
255
255
254
238
166
166
179
184
193
194
196
199
200
200
199
199
200
199
199
200
200
200
200
201
201
202
202
202
202
202
202
202
202
202
202
202
202
202
202
202
202
202
202
202
202
202
202
202
202
202
200
200
202
203
202
202
204
201
200
199
200
202
205
203
199
201
201
200
200
200
200
199
199
199
199
199
199
198
198
197
196
192
188
181
172
159
195
255
255
255
255
255
255
255
255
255
255
255
255
255
255
254
255
245
169
165
178
184
192
194
196
198
200
199
199
199
200
199
199
199
199
200
200
200
200
202
202
202
202
202
202
202
202
202
202
202
202
202
202
202
202
203
203
203
203
203
203
203
203
207
205
205
207
206
202
201
202
200
202
202
200
201
202
200
196
200
200
200
200
199
199
199
199
198
198
199
198
198
197
196
195
192
188
181
170
159
199
255
254
255
255
255
255
255
255
255
255
255
255
255
255
253
255
250
171
165
178
183
191
194
196
198
199
199
199
199
200
199
199
199
199
200
200
200
200
202
202
202
202
202
202
202
202
202
202
202
202
202
202
202
202
204
204
204
204
204
204
204
204
204
201
201
203
204
201
202
205
200
203
204
200
199
202
204
203
200
200
200
200
199
199
199
199
198
198
198
198
198
197
196
195
191
189
180
169
160
202
255
254
255
255
255
255
255
255
255
255
255
255
255
255
255
253
254
202
159
171
182
191
190
193
197
196
197
200
198
198
202
197
193
203
205
198
200
201
199
203
203
200
203
203
197
198
204
206
205
202
204
207
205
200
204
208
204
202
205
203
202
207
206
205
204
204
205
204
204
205
201
201
201
202
202
202
202
202
201
200
200
200
199
199
198
198
199
197
196
196
197
196
195
194
190
187
177
168
153
231
253
254
255
255
255
255
255
255
255
255
255
255
255
255
255
253
255
212
156
171
182
188
192
196
199
197
196
198
197
195
192
196
193
190
194
202
203
195
207
199
204
206
197
196
205
209
199
203
207
208
207
206
203
201
199
203
203
203
206
204
201
204
205
204
203
203
202
202
202
202
201
202
202
202
202
202
202
202
201
201
200
200
199
199
198
198
199
197
196
196
197
196
195
193
188
186
179
166
160
239
255
255
255
255
255
255
255
255
255
255
255
255
255
255
254
254
255
226
153
170
182
185
191
196
199
197
196
197
199
195
196
201
205
199
195
197
199
201
198
200
202
201
201
207
209
198
200
200
201
201
200
200
205
210
209
207
200
198
203
206
206
208
204
206
207
205
202
202
202
203
202
202
202
202
202
202
202
202
201
201
200
200
199
199
198
198
199
198
197
197
197
196
194
193
187
184
180
162
171
248
255
254
255
255
255
255
255
255
255
255
255
255
255
255
255
255
255
239
155
168
182
184
187
194
196
198
196
198
203
195
195
183
186
197
202
198
196
205
199
211
203
199
206
202
200
204
213
214
220
228
228
224
222
224
226
224
221
220
220
215
207
202
201
203
205
206
209
211
209
206
203
203
203
203
203
202
202
202
201
201
201
200
200
199
199
198
199
198
197
197
197
196
194
192
187
183
179
158
185
254
255
253
255
255
255
255
255
255
255
255
255
255
255
255
255
255
255
248
168
165
180
184
187
194
195
198
196
198
203
189
171
164
160
169
189
204
205
198
203
205
202
206
201
194
208
220
227
209
186
168
156
150
151
156
158
171
190
206
214
219
225
227
214
214
210
205
204
207
206
202
204
204
204
203
203
203
202
202
202
201
201
200
200
199
199
199
199
198
198
198
198
196
193
191
188
181
176
157
202
255
255
252
255
255
255
255
255
255
255
255
255
255
255
255
255
255
255
252
189
162
177
184
189
196
195
200
196
196
200
179
158
194
196
173
166
188
210
200
201
200
204
207
198
214
218
165
 67
 53
 33
 19
 12
 12
 18
 24
 21
 31
 49
 63
 80
113
156
185
212
224
229
219
207
203
206
208
205
205
205
204
204
203
203
202
202
202
201
201
200
200
199
199
199
198
198
198
198
196
193
190
188
179
171
161
223
254
254
253
255
255
255
255
255
255
255
255
255
255
255
255
255
253
255
254
213
161
173
183
189
195
193
200
197
196
199
171
175
226
235
211
173
164
198
208
204
210
206
204
202
219
209
136
 42
 63
 90
112
123
124
119
113
 90
 75
 57
 33
 11
 10
 24
 32
 72
112
165
205
226
229
215
200
206
206
205
205
204
203
203
202
202
202
201
201
200
200
199
199
199
198
198
199
198
196
192
189
186
177
168
170
244
254
254
255
255
255
255
255
255
255
255
255
255
255
255
255
253
252
255
255
229
160
170
181
186
193
191
200
198
198
201
170
194
215
219
232
202
160
184
206
200
207
196
205
208
198
209
214
219
230
238
235
229
229
232
234
232
221
212
197
169
134
 97
 65
 30
 17
 12
 40
103
170
206
213
206
206
205
205
204
203
203
202
202
202
201
201
200
200
200
199
199
198
198
199
198
196
192
189
184
175
166
178
255
255
255
255
255
255
255
255
255
255
255
255
255
255
255
255
255
255
251
255
250
185
167
173
185
191
193
198
198
204
202
170
183
220
219
223
217
187
169
208
205
204
203
203
205
208
211
213
225
223
220
217
216
216
216
217
224
226
229
232
233
232
230
228
197
152
 98
 61
 13
  0
101
231
209
208
207
206
205
204
203
202
202
202
202
201
201
200
200
200
201
202
201
197
196
195
191
186
183
176
162
212
254
250
255
255
255
255
255
255
255
255
255
255
255
255
255
255
255
255
255
255
253
204
162
177
185
188
192
198
195
200
200
172
174
219
220
220
221
195
170
201
206
206
206
205
205
206
207
207
206
206
205
205
206
206
207
208
207
207
207
209
213
218
223
226
233
235
236
228
176
121
148
213
209
208
208
206
205
204
203
203
203
202
202
202
201
200
200
200
200
201
200
197
195
194
190
185
182
165
174
231
255
251
255
253
255
255
255
255
255
255
255
255
255
255
255
255
255
252
255
252
255
230
167
175
183
184
191
197
192
198
197
169
164
218
222
218
225
204
172
195
206
207
207
207
207
206
205
205
206
206
208
210
211
212
212
212
211
210
208
207
206
205
205
205
205
209
211
229
241
232
220
208
209
209
208
207
206
205
204
204
203
203
203
202
202
201
201
200
200
201
200
196
195
194
189
184
179
158
194
251
255
252
254
253
255
255
255
255
255
255
255
255
255
255
255
255
255
251
255
254
255
251
190
164
179
181
191
195
193
201
193
159
163
217
223
218
225
206
171
197
206
206
207
208
208
208
208
208
210
211
211
212
212
213
212
212
210
211
213
214
215
215
214
214
206
216
210
205
207
214
217
207
209
209
208
208
207
206
205
205
204
204
203
203
202
202
201
201
200
202
200
197
195
193
188
182
170
168
219
255
255
254
255
255
255
255
255
255
255
255
255
255
255
255
255
255
255
252
251
255
251
255
224
160
175
179
190
193
195
203
184
147
173
217
222
218
223
202
168
200
207
207
207
208
209
210
211
212
211
210
210
209
209
210
210
210
216
214
212
209
208
209
210
211
212
212
208
212
210
206
209
207
210
209
209
208
208
207
206
206
205
205
204
204
203
203
202
202
202
203
202
198
195
192
186
179
160
192
244
255
250
255
255
255
255
255
255
255
255
255
255
255
255
255
255
255
255
254
249
255
250
255
249
179
173
178
187
190
195
194
168
143
188
217
220
216
218
198
163
195
207
207
207
207
208
209
210
211
211
210
210
211
211
212
213
214
213
213
213
213
214
214
215
216
216
218
219
224
216
208
214
213
210
210
209
209
208
208
208
207
206
205
205
204
204
203
203
203
202
203
201
197
193
189
182
175
164
221
255
255
253
255
255
253
255
255
255
255
255
255
255
255
255
255
255
255
255
255
253
255
253
253
255
218
174
175
182
187
191
176
149
148
200
216
216
213
214
198
159
180
201
202
204
206
208
209
210
210
209
209
211
212
213
213
213
213
216
216
216
214
212
209
206
204
202
199
190
192
199
212
218
202
210
210
210
209
209
209
208
208
206
206
206
205
204
204
204
203
201
202
200
195
190
185
177
169
187
246
255
254
255
254
255
252
255
255
255
255
255
255
255
255
255
255
255
255
255
255
255
252
255
250
255
252
176
172
178
185
187
161
136
155
206
215
213
209
212
200
157
165
193
196
201
205
209
211
211
211
214
215
217
219
219
218
216
215
210
204
194
184
175
170
168
168
171
174
170
168
169
187
214
218
210
210
210
210
209
209
209
209
206
206
206
205
205
204
204
204
200
201
198
193
188
182
174
165
212
255
253
252
255
250
255
255
255
255
255
255
255
255
255
255
255
255
255
255
255
255
255
255
255
255
255
255
225
168
174
178
181
143
120
177
213
210
210
209
209
205
176
136
158
174
190
198
202
206
207
204
204
204
204
201
195
188
181
177
170
165
168
179
181
180
193
212
217
211
207
221
197
168
194
219
211
211
211
211
211
210
210
210
210
209
207
206
206
205
203
201
200
201
196
195
188
168
168
190
255
255
255
255
255
255
255
255
255
255
255
255
255
255
255
255
255
255
255
255
255
255
255
255
255
255
255
255
253
202
163
175
162
115
140
189
211
209
208
205
204
205
192
170
138
142
150
159
164
165
164
164
164
160
157
158
165
172
176
177
191
194
203
217
225
224
221
221
217
225
229
231
190
153
180
212
212
212
212
211
211
211
211
210
211
209
208
207
207
206
204
202
204
194
197
183
182
173
169
231
255
255
255
255
255
255
255
255
255
255
255
255
255
255
255
255
255
255
255
255
255
255
255
255
255
255
255
255
255
244
169
157
146
110
148
205
210
209
208
205
201
202
203
198
170
159
151
153
156
156
158
162
184
185
188
194
203
211
215
216
221
223
221
215
213
218
222
222
225
223
200
177
155
156
192
211
213
212
212
212
212
211
211
211
211
210
209
208
208
206
204
202
201
195
191
184
169
169
207
255
255
255
255
255
255
255
255
255
255
255
255
255
255
255
255
255
255
255
255
255
255
255
255
255
255
255
255
255
250
255
213
159
117
117
156
211
210
211
213
211
205
201
202
203
212
203
195
195
199
203
208
212
207
213
219
222
220
218
217
218
213
215
216
219
224
226
217
205
184
169
134
121
139
175
205
204
213
213
213
213
212
212
212
212
211
210
209
208
208
206
203
201
196
190
189
182
157
186
250
254
255
255
255
255
255
255
255
255
255
255
255
255
255
255
255
255
255
255
255
255
255
255
255
255
255
255
255
255
255
252
255
204
104
114
177
210
212
214
216
216
214
208
205
207
208
213
217
218
220
222
221
218
221
220
219
217
215
216
217
219
225
219
214
209
196
171
142
123
 97
102
111
140
177
201
214
213
213
213
213
213
213
212
212
212
211
210
209
208
207
204
200
198
194
181
183
165
174
231
255
252
255
255
255
255
255
255
255
255
255
255
255
255
255
255
255
255
255
255
255
255
255
255
255
255
255
255
255
255
255
251
255
247
157
130
191
210
214
216
216
217
221
220
218
220
221
231
238
237
235
235
231
226
220
214
210
213
222
226
221
214
198
172
139
112
 91
 78
 79
 88
111
135
163
189
205
209
211
213
213
213
213
213
213
212
212
212
210
209
208
206
204
201
196
193
185
187
162
166
222
255
254
255
255
255
255
255
255
255
255
255
255
255
255
255
255
255
255
255
255
255
255
255
255
255
255
255
255
255
255
255
252
255
247
255
219
159
195
212
215
219
217
216
222
225
224
227
227
231
235
237
237
238
238
238
225
220
217
220
218
199
166
140
 95
 75
 58
 59
 77
104
134
156
173
192
204
205
210
215
216
218
213
213
213
212
212
212
212
212
209
208
206
204
202
197
192
188
176
182
164
207
255
254
255
254
255
255
255
255
255
255
255
255
255
255
255
255
255
255
255
255
255
255
255
255
255
255
255
255
255
255
255
255
254
255
255
255
227
170
201
213
215
222
219
215
220
222
221
224
229
227
229
235
236
231
228
229
231
227
222
210
182
132
 72
 30
 51
 63
 87
116
142
161
177
188
196
203
207
209
215
215
209
211
213
213
212
212
212
212
211
211
208
207
205
203
200
195
189
185
176
155
196
253
255
252
255
251
255
255
255
255
255
255
255
255
255
255
255
255
255
255
255
255
255
255
255
255
255
255
255
255
255
255
255
255
255
253
252
255
212
171
203
208
216
217
218
220
220
220
219
218
223
224
227
229
229
229
228
228
224
219
216
211
193
179
152
101
 79
118
145
158
175
188
195
205
209
209
210
211
211
211
211
211
212
211
210
210
211
210
208
206
208
199
206
202
193
190
179
173
162
208
249
255
254
255
255
253
255
255
255
255
255
255
255
255
255
255
255
255
255
255
255
255
255
255
255
255
255
255
255
255
255
255
255
255
255
255
252
255
210
171
204
209
215
216
218
219
220
220
219
219
222
223
225
226
227
226
225
225
223
216
214
217
213
217
213
180
118
147
172
183
193
199
202
208
211
211
212
213
213
213
212
212
212
211
210
210
211
210
208
206
207
199
198
191
188
183
169
167
208
235
255
255
251
254
255
253
255
255
255
255
255
255
255
255
255
255
255
255
255
255
255
255
255
255
255
255
255
255
255
255
255
255
255
255
255
255
254
255
211
172
204
207
213
214
216
218
219
220
219
219
220
221
222
223
223
222
221
220
221
214
210
213
210
213
210
179
135
161
186
198
204
206
208
211
211
212
212
213
213
212
212
211
210
209
208
208
208
207
204
203
199
193
191
188
180
166
172
204
249
255
255
254
252
255
255
254
255
255
255
255
255
255
255
255
255
255
255
255
255
255
255
255
255
255
255
255
255
255
255
255
255
255
255
255
252
255
255
255
216
173
203
203
210
212
214
216
218
219
219
219
219
219
220
220
220
219
218
217
218
215
211
213
214
220
211
174
123
160
187
197
205
207
207
212
210
210
211
211
210
210
209
208
208
206
205
204
203
202
199
197
193
190
185
176
169
176
210
253
255
255
254
254
255
255
255
255
255
255
255
255
255
255
255
255
255
255
255
255
255
255
255
255
255
255
255
255
255
255
255
255
255
255
255
255
254
255
255
254
218
172
202
204
208
209
212
214
216
217
218
217
218
218
218
218
217
217
216
216
213
218
214
209
204
200
170
117
113
161
190
196
206
208
205
212
211
211
211
211
210
209
208
207
207
205
203
201
200
197
194
191
186
182
172
168
183
222
254
255
253
251
252
255
255
255
255
255
255
255
255
255
255
255
255
255
255
255
255
255
255
255
255
255
255
255
255
255
255
255
255
255
255
255
255
255
255
255
254
251
219
169
201
207
206
207
210
212
214
215
215
215
217
217
216
216
215
215
215
214
210
217
211
200
186
167
125
 66
110
155
185
195
205
209
207
212
212
212
212
211
210
209
207
207
206
204
201
198
196
192
188
185
174
161
169
207
238
254
255
253
255
254
255
255
255
253
254
255
255
255
255
255
255
255
255
255
255
255
255
255
255
255
255
255
255
255
255
255
255
255
255
255
255
255
255
255
255
254
253
254
225
168
198
206
205
206
208
210
212
213
213
213
214
214
214
213
213
213
213
213
209
212
206
202
198
194
179
147
120
143
175
195
203
207
210
210
209
209
209
208
207
205
203
203
201
198
195
191
187
182
178
174
179
185
208
252
255
255
254
255
255
255
255
255
255
254
254
255
255
255
255
255
255
255
255
255
255
255
255
255
255
255
255
255
255
255
255
255
255
255
255
255
255
255
255
255
254
251
255
255
232
169
194
201
204
205
207
209
211
211
211
211
212
212
211
211
211
211
212
212
207
207
203
206
206
208
211
200
139
141
171
201
203
205
211
206
205
204
204
203
201
200
198
197
194
191
187
183
178
173
168
164
203
248
255
255
249
251
255
255
253
253
254
255
255
255
255
254
255
255
255
255
255
255
255
255
255
255
255
255
255
255
255
255
255
255
255
255
255
255
255
255
255
255
255
255
254
255
255
252
244
173
184
201
205
204
204
205
208
209
208
206
209
209
208
207
207
206
205
205
202
206
204
205
199
200
206
189
142
135
167
193
197
202
201
201
203
202
199
196
193
191
190
189
183
183
182
172
159
165
203
244
255
255
255
255
255
255
255
255
255
255
255
255
255
255
255
255
255
255
255
255
255
255
255
255
255
255
255
255
255
255
255
255
255
255
255
255
255
255
255
255
255
255
255
255
255
255
255
255
254
184
173
196
206
204
204
204
203
202
205
210
207
207
206
206
205
205
204
204
205
203
197
201
201
200
197
177
120
132
168
186
186
191
191
192
191
191
192
191
188
184
180
177
176
162
157
178
212
239
253
255
255
255
255
255
255
255
255
255
255
255
255
255
255
255
255
255
255
255
255
255
255
255
255
255
255
255
255
255
255
255
255
255
255
255
255
255
255
255
255
255
255
255
255
255
255
254
255
255
255
200
165
191
198
198
201
205
204
202
204
209
204
204
204
203
203
203
202
202
203
201
197
201
200
181
147
108
 88
124
168
183
184
186
184
185
184
182
180
176
172
168
165
163
180
197
224
247
255
255
255
253
255
255
255
255
255
255
255
255
255
255
255
255
255
255
255
255
255
255
255
255
255
255
255
255
255
255
255
255
255
255
255
255
255
255
255
255
255
255
255
255
255
255
255
255
255
253
255
253
255
222
172
178
193
196
199
201
202
203
203
201
202
202
201
201
201
201
200
200
197
200
197
195
190
157
 98
 46
 86
123
156
168
174
174
171
174
173
167
160
159
169
187
207
220
242
252
255
255
252
253
255
255
255
255
255
255
255
255
255
255
255
255
255
255
255
255
255
255
255
255
255
255
255
255
255
255
255
255
255
255
255
255
255
255
255
255
255
255
255
255
255
255
255
255
255
255
255
251
255
251
254
247
192
159
186
197
201
197
194
198
200
197
200
200
199
199
198
198
198
197
193
196
190
186
196
192
160
134
144
158
163
166
173
173
173
180
192
201
217
233
246
254
255
255
255
255
255
251
253
255
255
252
255
255
255
255
255
255
255
255
255
255
255
255
255
255
255
255
255
255
255
255
255
255
255
255
255
255
255
255
255
255
255
255
255
255
255
255
255
255
255
255
255
255
255
255
255
252
255
252
255
255
219
160
162
182
198
198
195
196
198
196
197
197
196
195
195
194
193
193
191
195
190
183
193
194
183
187
249
249
239
241
246
242
244
248
252
252
253
253
254
255
255
255
252
255
255
255
253
254
255
253
255
255
255
255
255
255
255
255
255
255
255
255
255
255
255
255
255
255
255
255
255
255
255
255
255
255
255
255
255
255
255
255
255
255
255
255
255
255
255
255
255
255
255
255
255
254
255
255
255
255
248
200
154
165
180
192
196
195
194
194
194
194
193
191
190
189
188
187
184
190
193
190
188
174
168
198
255
255
252
255
255
253
255
255
255
255
255
255
255
255
254
253
255
255
251
251
255
255
255
255
255
255
255
255
255
255
255
255
255
255
255
255
255
255
255
255
255
255
255
255
255
255
255
255
255
255
255
255
255
255
255
255
255
255
255
255
255
255
255
255
255
255
255
255
255
255
255
255
252
248
255
247
175
164
162
176
189
190
189
192
192
191
190
188
186
185
184
183
176
169
163
157
156
150
175
242
251
255
254
255
252
249
255
255
253
253
254
254
255
254
254
253
251
253
255
255
255
255
254
253
255
255
255
255
255
255
255
255
255
255
255
255
255
255
255
255
255
255
255
255
255
255
255
255
255
255
255
255
255
255
255
255
255
255
255
255
255
255
255
255
255
255
255
255
255
255
255
255
255
255
255
255
250
194
145
153
171
172
179
188
181
181
180
177
171
163
156
152
151
145
139
148
177
217
246
255
255
255
255
255
255
255
255
255
255
255
255
255
255
255
255
255
255
255
255
255
255
255
255
255
255
255
255
255
255
255
255
255
255
255
255
255
255
255
255
255
255
255
255
255
255
255
255
255
255
255
255
255
255
255
255
255
255
255
255
255
255
255
255
255
255
255
255
255
255
255
255
255
255
255
255
255
255
252
219
179
153
149
159
156
166
163
157
152
146
143
141
140
163
181
208
233
251
255
255
254
255
255
255
255
255
255
255
255
255
255
255
255
255
255
255
255
255
255
255
255
255
255
255
255
255
255
255
255
255
255
255
255
255
255
255
255
255
255
255
255
255
255
255
255
255
255
255
255
255
255
255
255
255
255
255
255
255
255
255
255
255
255
255
255
255
255
255
255
255
255
255
255
255
255
255
255
255
255
252
249
234
210
195
182
164
166
170
178
189
203
215
222
250
252
255
255
255
253
254
255
255
255
255
255
255
255
255
255
255
255
255
255
255
255
255
255
255
255
255
255
255
255
255
255
255
255
255
255
255
255
255
255
255
255
255
255
255
255
255
255
255
255
255
255
255
255
255
255
255
255
255
255
255
255
255
255
255
255
255
255
255
255
255
255
255
255
255
255
255
255
255
255
255
255
255
255
250
255
253
255
255
255
255
253
254
253
253
253
253
255
255
255
255
253
253
255
255
253
253
255
255
255
255
255
255
255
255
255
255
255
255
255
255
255
255
255
255
255
255
255
255
255
255
255
255
255
255
255
255
255
255
255
255
255
255
255
255
255
255
255
255
255
255
255
255
255
255
255
255
255
255
255
255
255
255
255
255
255
255
255
255
255
255
255
255
255
255
255
255
255
255
255
255
255
255
255
255
255
253
253
253
253
255
255
254
254
255
255
255
255
254
254
255
253
253
255
255
253
253
255
255
255
255
255
255
255
255
255
255
255
255
255
255
255
255
255
255
255
255
255
255
255
255
255
255
255
255
255
255
255
255
255
255
255
255
255
255
255
255
255
255
255
255
255
255
255
255
255
255
255
255
255
255
255
255
255
255
255
255
255
255
255
255
255
255
255
255
255
255
255
255
255
255
255
255
255
251
255
254
255
255
255
255
254
255
255
255
254
254
254
255
255
250
252
255
255
255
253
254
255
255
255
255
255
255
255
255
255
255
255
255
255
255
255
255
255
255
255
255
255
255
255
255
255
255
255
255
255
255
255
255
255
255
255
255
255
255
255
255
255
255
255
255
255
255
255
255
255
255
255
255
255
