TCU063	2	131.60 	1.64 	5.12 	4.98 	120.62	24.11		
KAU080	2	97.35 	2.50 	5.82 	7.82 	120.71	22.06		
KAU082	2	110.36 	3.32 	7.06 	6.32 	120.73	21.94		
KAU039	2	93.91 	0.00 	4.68 	5.40 	120.75	22.10		
KAU099	2	98.23 	4.24 	2.96 	4.40 	120.83	22.08		
KAU043	2	116.02 	3.38 	5.96 	5.50 	120.85	21.91		
KAU091	2	117.53 	2.42 	5.36 	4.46 	120.86	21.90		
TCU046	2	174.03 	3.10 	6.54 	5.64 	120.86	24.47		
TCU030	2	187.56 	4.36 	6.80 	6.66 	120.89	24.59		
TTN016	2	72.78 	2.12 	6.44 	5.08 	120.90	22.36		
TCU137	2	145.19 	2.62 	5.88 	5.50 	120.93	24.18		
TCU073	2	127.94 	4.56 	5.06 	6.82 	120.96	24.01		
TCU152	2	213.38 	2.24 	5.08 	6.52 	120.96	24.81		
TCU096	2	211.56 	2.08 	4.92 	4.44 	120.97	24.79		
TCU019	2	223.75 	2.00 	3.72 	4.74 	120.99	24.90		
TCU081	2	216.48 	2.90 	5.32 	4.56 	121.01	24.83		
TCU164	2	216.43 	2.44 	4.70 	5.40 	121.01	24.83		
TCU017	2	211.22 	3.20 	5.34 	5.50 	121.02	24.78		
TCU168	2	236.53 	1.28 	3.14 	5.14 	121.05	25.01		
TCU168	2	236.53 	1.28 	3.14 	5.14 	121.05	25.01		
TCU094	2	210.93 	3.14 	4.32 	6.20 	121.06	24.77		
TCU027	2	218.11 	2.32 	3.58 	2.98 	121.07	24.83		
TCU024	2	208.28 	2.96 	6.80 	6.12 	121.09	24.74		
TCU003	2	242.95 	1.72 	3.20 	3.28 	121.14	25.05		
TCU023	2	208.19 	4.44 	5.60 	6.94 	121.14	24.72		
TCU006	2	228.63 	3.10 	3.32 	3.00 	121.15	24.91		
TCU010	2	238.70 	1.72 	3.00 	4.44 	121.16	25.00		
TCU021	2	216.81 	1.74 	4.30 	3.78 	121.17	24.79		
TCU004	2	246.20 	1.38 	2.74 	3.68 	121.20	25.06		
TCU008	2	240.80 	2.42 	2.94 	3.84 	121.21	25.01		
TCU013	2	225.63 	2.06 	3.14 	3.04 	121.21	24.86		
TCU147	2	226.31 	3.72 	5.54 	5.02 	121.26	24.86		
TCU011	2	230.13 	2.26 	3.88 	4.66 	121.29	24.88		
TCU163	2	242.56 	1.56 	3.08 	4.74 	121.30	25.00		
HWA024	2	91.31 	3.36 	4.26 	5.24 	121.31	23.35		
HWA053	2	95.87 	3.70 	4.58 	6.30 	121.32	23.41		
TCU085	2	211.36 	0.78 	2.28 	3.88 	121.37	24.67		
TAP052	2	254.06 	1.14 	2.74 	2.88 	121.39	25.08		
TTN033	2	92.25 	4.46 	5.18 	7.90 	121.40	23.19		
TAP041	2	265.81 	1.82 	3.56 	3.52 	121.42	25.18		
TAP016	2	253.58 	2.52 	4.90 	3.70 	121.43	25.06		
HWA020	2	134.66 	5.52 	6.02 	6.78 	121.44	23.81		
HWA035	2	128.44 	4.34 	6.80 	7.26 	121.44	23.73		
TAP040	2	265.51 	1.70 	3.00 	4.74 	121.44	25.17		
TAP054	2	247.37 	2.20 	4.76 	4.50 	121.44	25.00		
TAP049	2	262.94 	2.00 	3.68 	5.00 	121.45	25.15		
HWA030	2	133.46 	4.00 	7.84 	6.00 	121.46	23.78		
TAP042	2	261.40 	1.52 	2.76 	4.50 	121.46	25.13		
HWA052	2	137.48 	2.94 	4.90 	5.26 	121.47	23.82		
TAP002	2	261.54 	2.52 	4.88 	4.98 	121.47	25.13		
TAP004	2	260.00 	1.78 	4.64 	4.44 	121.48	25.11		
TAP094	2	263.65 	1.88 	3.76 	4.18 	121.48	25.14		
TAP019	2	253.38 	1.62 	4.84 	5.38 	121.50	25.04		
TAP025	2	252.17 	1.62 	4.06 	2.92 	121.50	25.02		
TAP025	2	252.17 	1.62 	4.06 	2.92 	121.50	25.02		
TAP095	2	263.56 	1.74 	5.00 	5.04 	121.50	25.13		
HWA066	2	116.93 	2.80 	5.34 	3.92 	121.51	23.48		
HWA056	2	170.86 	2.32 	3.98 	4.08 	121.52	24.18		
TAP007	2	258.09 	1.92 	3.92 	4.98 	121.52	25.07		
TAP007	2	258.09 	1.92 	3.92 	4.98 	121.52	25.07		
TAP012	2	256.05 	1.92 	4.66 	4.60 	121.52	25.05		
TAP013	2	256.89 	2.78 	3.86 	3.72 	121.53	25.06		
TAP020	2	255.03 	2.30 	6.72 	4.62 	121.53	25.04		
TAP020	2	255.03 	2.30 	6.72 	4.62 	121.53	25.04		
TAP029	2	252.00 	1.94 	3.26 	3.10 	121.54	25.01		
TAP030	2	251.21 	1.96 	3.42 	4.64 	121.54	25.00		
TAP014	2	257.71 	2.70 	4.84 	6.32 	121.55	25.06		
TAP014	2	257.71 	2.70 	4.84 	6.32 	121.55	25.06		
HWA015	2	156.15 	3.58 	6.58 	4.40 	121.56	23.97		
ILA025	2	217.04 	1.68 	3.56 	4.26 	121.57	24.64		
TAP093	2	261.09 	2.56 	6.36 	5.74 	121.57	25.08		
TAP109	2	256.82 	2.14 	3.94 	4.54 	121.57	25.04		
HWA029	2	154.13 	3.32 	6.08 	5.68 	121.58	23.94		
TAP009	2	261.22 	0.00 	3.66 	5.22 	121.58	25.08		
TAP009	2	261.22 	0.00 	3.66 	5.22 	121.58	25.08		
TAP015	2	258.22 	2.26 	3.64 	5.26 	121.58	25.05		
TAP088	2	257.16 	2.16 	5.02 	6.80 	121.59	25.04		
TAP091	2	259.70 	2.38 	5.22 	6.94 	121.59	25.06		
TAP090	2	259.74 	3.20 	7.00 	6.14 	121.60	25.06		
ILA023	2	222.81 	2.38 	5.34 	4.36 	121.61	24.68		
HWA009	2	161.83 	2.46 	7.32 	7.46 	121.62	23.99		
HWA026	2	172.41 	2.18 	3.60 	4.10 	121.62	24.12		
HWA057	2	175.73 	1.10 	4.34 	2.80 	121.62	24.16		
HWA062	2	160.64 	3.22 	5.66 	6.08 	121.62	23.98		
HWA012	2	162.36 	2.40 	4.58 	5.50 	121.63	23.99		
HWA046	2	175.22 	2.78 	4.42 	4.38 	121.63	24.15		
ILA020	2	231.36 	1.24 	3.34 	2.74 	121.64	24.75		
HWA025	2	177.93 	2.00 	4.16 	4.98 	121.65	24.16		
ILA022	2	223.81 	2.08 	2.66 	3.44 	121.65	24.67		
ILA051	2	230.30 	1.76 	3.56 	5.82 	121.68	24.72		
ILA016	2	233.55 	2.54 	6.56 	6.42 	121.69	24.75		
ILA017	2	230.78 	1.46 	2.52 	4.02 	121.69	24.72		
ILA018	2	226.94 	1.90 	4.52 	3.74 	121.69	24.68		
TAP057	2	266.12 	1.44 	4.34 	3.92 	121.69	25.08		
ILA019	2	223.73 	2.06 	4.18 	4.92 	121.70	24.64		
ILA037	2	234.81 	2.66 	6.98 	6.64 	121.72	24.74		
ILA014	2	230.20 	2.64 	3.42 	5.18 	121.73	24.69		
ILA039	2	237.08 	2.56 	6.50 	4.84 	121.73	24.76		
ILA012	2	239.13 	2.58 	7.70 	5.30 	121.74	24.78		
ILA038	2	233.68 	3.74 	5.82 	6.68 	121.74	24.72		
ILA046	2	228.43 	2.00 	3.52 	4.14 	121.74	24.66		
ILA053	2	197.86 	4.44 	4.68 	5.96 	121.74	24.33		
TAP075	2	262.93 	1.52 	3.36 	2.32 	121.74	25.03		
HWA045	2	196.64 	2.76 	4.30 	4.36 	121.75	24.31		
ILA029	2	239.09 	3.02 	6.40 	6.24 	121.75	24.77		
ILA050	2	207.00 	1.52 	4.72 	3.42 	121.75	24.43		
ILA036	2	240.83 	2.34 	6.32 	4.96 	121.76	24.79		
ILA049	2	238.42 	3.44 	4.56 	5.20 	121.76	24.76		
ILA008	2	233.92 	2.28 	5.58 	5.86 	121.77	24.71		
ILA026	2	230.88 	3.40 	7.48 	7.58 	121.77	24.67		
ILA027	2	232.00 	2.34 	6.48 	5.94 	121.77	24.69		
ILA035	2	244.65 	2.10 	3.90 	4.52 	121.77	24.82		
ILA065	2	212.73 	3.30 	4.58 	4.28 	121.78	24.47		
TAP103	2	269.30 	1.10 	5.26 	3.80 	121.78	25.07		
ILA003	2	243.26 	2.28 	6.32 	5.06 	121.79	24.80		
ILA047	2	229.31 	2.18 	5.96 	7.08 	121.79	24.64		
ILA064	2	213.61 	2.16 	4.74 	3.06 	121.79	24.47		
ILA002	2	248.50 	1.44 	5.04 	3.46 	121.80	24.84		
ILA041	2	236.90 	1.90 	6.70 	7.74 	121.80	24.72		
ILA042	2	233.62 	1.78 	5.46 	7.34 	121.80	24.69		
ILA062	2	213.70 	2.84 	5.72 	4.84 	121.80	24.47		
ILA055	2	239.12 	2.78 	6.22 	7.30 	121.82	24.74		
ILA006	2	231.16 	3.16 	6.14 	6.44 	121.83	24.64		
ILA032	2	229.65 	1.62 	3.00 	3.78 	121.83	24.62		
ILA033	2	251.60 	1.30 	5.36 	5.10 	121.83	24.86		
ILA059	2	233.33 	1.90 	3.88 	5.14 	121.83	24.67		
ILA007	2	228.15 	1.88 	5.24 	5.80 	121.85	24.59		
TAP080	2	272.54 	1.18 	3.12 	3.44 	121.95	25.02		
KAU100	3	43.70 	16.60 	24.60 	22.54 	120.31	22.59		
TCU105	3	145.77 	5.34 	10.76 	9.94 	120.57	24.24		
TCU048	3	139.21 	7.98 	14.88 	14.04 	120.60	24.18		
TCU104	3	146.51 	6.54 	21.10 	13.24 	120.61	24.24		
TCU057	3	138.47 	3.78 	18.38 	15.52 	120.62	24.17		
TCU120	3	117.16 	10.88 	16.20 	19.02 	120.62	23.98		
KAU034	3	44.44 	5.08 	9.78 	7.30 	120.63	22.53		
KAU051	3	61.70 	7.86 	9.80 	16.16 	120.63	22.37		
TCU100	3	139.99 	4.16 	16.24 	14.06 	120.63	24.18		
TCU050	3	139.66 	3.46 	9.72 	7.76 	120.64	24.18		
TCU165	3	133.91 	7.24 	17.66 	10.66 	120.64	24.13		
TCU060	3	144.38 	6.24 	11.44 	12.60 	120.65	24.22		
TCU135	3	156.68 	5.48 	13.20 	10.90 	120.65	24.33		
TCU133	3	134.78 	5.72 	15.26 	10.86 	120.66	24.13		
TCU136	3	148.47 	5.74 	13.64 	17.72 	120.66	24.26		
TCU038	3	174.39 	5.74 	13.46 	18.88 	120.67	24.49		
TCU055	3	135.33 	6.02 	12.66 	12.98 	120.67	24.14		
TCU037	3	174.44 	5.70 	9.16 	8.40 	120.68	24.49		
TCU053	3	141.33 	5.14 	14.78 	12.16 	120.68	24.19		
TCU062	3	132.90 	6.66 	15.74 	19.22 	120.68	24.11		
TCU076	3	109.96 	6.20 	18.28 	16.20 	120.68	23.91		
TCU082	3	136.27 	3.98 	9.82 	10.46 	120.68	24.15		
TCU159	3	109.95 	12.62 	14.76 	12.68 	120.68	23.91		
KAU038	3	82.49 	5.30 	13.18 	12.36 	120.69	22.19		
TCU054	3	137.76 	6.06 	11.84 	10.06 	120.69	24.16		
TCU075	3	118.27 	10.28 	0.00 	12.94 	120.69	23.98		
TCU124	3	110.89 	15.42 	24.14 	24.94 	120.69	23.91		
TCU041	3	163.21 	5.64 	15.42 	18.92 	120.70	24.39		
TCU049	3	139.93 	5.40 	14.58 	11.08 	120.70	24.18		
TCU066	3	144.00 	5.68 	12.12 	16.94 	120.70	24.21		
TCU099	3	135.42 	4.58 	11.76 	11.64 	120.70	24.14		
TCU036	3	169.66 	7.94 	10.72 	12.36 	120.71	24.45		
TCU058	3	148.02 	6.02 	13.08 	15.96 	120.71	24.25		
TCU101	3	146.96 	6.30 	11.68 	13.56 	120.72	24.24		
TCU103	3	154.43 	5.08 	10.28 	10.46 	120.72	24.31		
TCU156	3	149.14 	5.70 	12.14 	9.64 	120.72	24.26		
TCU067	3	130.72 	7.94 	14.92 	14.26 	120.73	24.09		
KAU046	3	103.80 	5.08 	14.18 	10.98 	120.75	22.00		
KAU081	3	103.25 	7.38 	11.38 	11.22 	120.75	22.01		
KAU098	3	108.63 	4.26 	7.86 	9.66 	120.75	21.96		
TCU052	3	142.68 	11.50 	17.66 	20.02 	120.75	24.20		
TCU068	3	151.78 	7.98 	16.34 	13.30 	120.77	24.28		
TCU128	3	166.87 	6.00 	13.48 	7.28 	120.77	24.41		
TCU087	3	159.60 	13.08 	15.18 	18.84 	120.78	24.35		
TCU039	3	175.43 	8.46 	23.06 	12.10 	120.79	24.49		
TCU071	3	120.45 	5.56 	15.38 	12.10 	120.80	23.98		
TCU042	3	182.79 	7.02 	15.36 	16.84 	120.81	24.55		
TCU032	3	179.35 	5.44 	18.06 	12.96 	120.82	24.52		
TCU154	3	181.62 	3.62 	8.40 	8.20 	120.82	24.54		
TCU132	3	185.20 	5.04 	8.58 	9.60 	120.83	24.57		
TCU072	3	128.08 	12.14 	22.68 	16.50 	120.86	24.04		
TTN053	3	67.96 	6.48 	10.20 	9.70 	120.86	22.38		
TCU034	3	192.85 	6.06 	12.08 	12.88 	120.87	24.64		
TCU142	3	122.12 	5.48 	13.94 	12.56 	120.88	23.98		
TCU098	3	204.96 	3.56 	14.64 	11.06 	120.91	24.74		
TCU045	3	183.27 	3.34 	9.12 	5.42 	120.92	24.54		
TCU097	3	210.37 	2.54 	8.12 	8.72 	120.93	24.79		
TCU148	3	120.74 	9.02 	23.28 	18.20 	120.93	23.95		
TTN038	3	65.27 	4.68 	9.40 	5.78 	120.94	22.46		
TCU015	3	207.19 	6.80 	9.02 	7.40 	120.95	24.76		
TCU047	3	192.24 	4.98 	9.88 	8.80 	120.95	24.62		
TCU043	3	199.97 	2.66 	8.42 	9.70 	120.96	24.69		
TCU093	3	217.62 	2.46 	8.30 	6.00 	120.96	24.85		
TTN052	3	56.09 	10.72 	17.80 	22.72 	120.96	22.60		
TCU016	3	213.86 	2.48 	8.32 	7.24 	120.97	24.81		
TCU074	3	123.11 	5.84 	14.86 	17.46 	120.97	23.96		
TTN037	3	61.23 	5.16 	15.88 	7.70 	120.97	22.53		
TCU022	3	209.35 	4.10 	7.72 	8.20 	120.99	24.77		
TTN003	3	58.38 	11.10 	12.16 	10.44 	121.01	22.61		
TCU095	3	201.63 	3.98 	9.98 	7.18 	121.02	24.69		
TTN051	3	57.39 	12.42 	14.58 	14.92 	121.03	23.19		
TTN050	3	57.71 	10.20 	15.48 	15.84 	121.04	22.67		
TCU028	3	203.74 	4.94 	9.16 	10.64 	121.05	24.70		
TTN029	3	56.63 	9.58 	11.20 	9.84 	121.05	22.72		
TTN028	3	55.65 	17.00 	15.80 	17.92 	121.06	22.78		
TTN018	3	56.21 	10.38 	13.56 	22.20 	121.08	22.82		
TTN048	3	58.55 	14.54 	15.16 	21.88 	121.09	22.77		
TTN049	3	61.60 	17.70 	10.96 	11.52 	121.11	22.73		
TTN010	3	62.75 	23.22 	14.38 	15.76 	121.12	22.74		
TTN011	3	61.08 	20.82 	15.60 	14.46 	121.12	22.78		
TTN024	3	58.97 	14.36 	22.78 	22.14 	121.12	22.97		
TTN012	3	63.78 	10.30 	10.32 	12.82 	121.14	22.76		
TTN013	3	63.14 	7.60 	9.42 	10.18 	121.14	22.77		
TTN047	3	61.71 	8.98 	20.60 	17.88 	121.14	22.84		
TTN005	3	64.74 	13.74 	14.76 	13.60 	121.15	22.75		
TTN006	3	63.93 	8.98 	13.98 	13.24 	121.15	22.77		
TTN007	3	64.73 	7.72 	12.84 	13.78 	121.15	22.76		
TTN015	3	65.45 	8.90 	12.04 	17.02 	121.15	22.75		
TTN056	3	64.79 	6.20 	12.34 	12.84 	121.15	22.76		
TCU088	3	159.91 	3.06 	14.48 	8.92 	121.16	24.25		
TTN008	3	65.73 	9.32 	16.72 	17.08 	121.16	22.76		
TTN045	3	63.00 	11.56 	14.14 	15.64 	121.16	22.97		
TTN021	3	67.78 	11.52 	13.80 	12.40 	121.18	23.10		
TTN036	3	68.13 	5.44 	6.14 	10.36 	121.19	22.80		
TTN020	3	72.36 	7.26 	16.38 	11.20 	121.21	23.13		
TTN040	3	72.51 	7.06 	10.00 	8.54 	121.21	23.15		
TTN022	3	71.83 	15.26 	22.10 	19.04 	121.22	23.10		
TTN035	3	70.30 	7.24 	19.66 	16.52 	121.23	22.88		
TTN046	3	71.62 	6.34 	15.16 	14.22 	121.24	22.96		
TTN034	3	72.36 	9.24 	19.18 	19.28 	121.25	22.90		
HWA042	3	80.87 	7.84 	15.74 	13.80 	121.26	23.22		
TTN042	3	76.49 	9.02 	23.94 	16.44 	121.29	23.00		
HWA041	3	86.51 	14.36 	11.88 	18.74 	121.30	23.26		
TTN002	3	78.23 	9.20 	17.66 	17.70 	121.30	22.97		
HWA065	3	91.33 	5.46 	11.08 	15.00 	121.32	23.33		
HWA021	3	102.92 	5.46 	12.98 	7.38 	121.33	23.50		
TTN043	3	81.52 	5.86 	11.34 	16.70 	121.33	23.03		
HWA055	3	92.72 	9.54 	18.82 	16.44 	121.34	23.32		
HWA038	3	101.86 	7.30 	10.58 	8.28 	121.35	23.46		
HWA039	3	97.88 	6.78 	15.24 	15.18 	121.36	23.38		
HWA036	3	106.24 	6.22 	12.56 	12.78 	121.37	23.50		
TTN014	3	87.17 	7.18 	12.44 	13.88 	121.37	23.10		
HWA034	3	113.23 	9.44 	19.42 	19.56 	121.38	23.59		
ILA067	3	188.33 	3.34 	6.20 	9.96 	121.38	24.44		
TTN032	3	96.04 	4.22 	11.24 	15.28 	121.41	23.24		
HWA006	3	122.49 	4.46 	7.62 	10.48 	121.42	23.67		
HWA032	3	124.94 	7.66 	8.18 	11.86 	121.42	23.71		
TTN001	3	102.67 	6.66 	17.16 	15.32 	121.45	23.32		
TAP115	3	247.48 	2.92 	8.40 	7.16 	121.47	24.99		
TTN031	3	106.10 	4.40 	11.76 	9.60 	121.47	23.36		
HWA033	3	127.86 	5.36 	11.46 	16.00 	121.48	23.68		
HWA058	3	150.85 	5.06 	6.56 	8.76 	121.49	23.97		
HWA031	3	135.13 	5.54 	8.34 	7.20 	121.50	23.76		
HWA059	3	144.00 	4.16 	13.74 	10.30 	121.51	23.87		
HWA002	3	124.84 	4.92 	10.50 	8.14 	121.52	23.60		
HWA018	3	148.51 	4.60 	8.94 	9.54 	121.53	23.90		
HWA044	3	129.75 	3.10 	9.10 	7.12 	121.54	23.65		
HWA017	3	152.99 	3.54 	8.48 	6.86 	121.55	23.95		
HWA043	3	134.57 	2.92 	9.32 	6.32 	121.55	23.71		
HWA001	3	141.69 	3.94 	7.60 	10.50 	121.56	23.79		
HWA049	3	157.94 	3.00 	5.94 	8.20 	121.56	23.99		
HWA051	3	147.32 	7.22 	16.00 	11.44 	121.56	23.87		
TAP022	3	255.57 	5.88 	5.12 	8.86 	121.56	25.03		
HWA016	3	155.74 	3.42 	5.02 	8.38 	121.57	23.96		
HWA048	3	160.30 	4.02 	11.44 	7.78 	121.58	24.01		
HWA011	3	160.18 	4.44 	11.44 	9.54 	121.59	24.00		
HWA050	3	159.29 	5.02 	11.20 	8.60 	121.59	23.99		
HWA063	3	159.92 	4.42 	12.16 	8.10 	121.59	23.99		
HWA008	3	160.06 	5.94 	11.20 	10.24 	121.60	23.99		
HWA010	3	159.38 	4.74 	11.64 	11.04 	121.60	23.98		
HWA013	3	158.82 	6.02 	14.44 	9.40 	121.60	23.98		
HWA060	3	153.34 	5.18 	7.78 	9.52 	121.60	23.90		
HWA014	3	159.01 	6.60 	14.42 	8.90 	121.61	23.97		
HWA019	3	159.83 	3.98 	9.28 	12.26 	121.61	23.98		
HWA028	3	162.73 	4.20 	9.56 	9.66 	121.61	24.01		
HWA061	3	163.09 	3.64 	11.72 	8.58 	121.61	24.02		
HWA007	3	161.64 	2.66 	4.90 	8.48 	121.63	23.99		
ILA013	3	234.58 	4.48 	9.30 	11.40 	121.74	24.73		
ILA028	3	237.44 	3.94 	8.62 	8.82 	121.75	24.75		
ILA070	3	236.86 	5.24 	8.10 	7.36 	121.75	24.75		
ILA030	3	235.32 	5.36 	8.10 	10.92 	121.76	24.72		
ILA044	3	228.61 	5.14 	6.92 	11.00 	121.76	24.65		
ILA048	3	238.96 	4.22 	7.92 	9.72 	121.76	24.77		
ILA004	3	238.38 	3.06 	7.62 	8.20 	121.79	24.74		
ILA040	3	241.43 	3.12 	7.40 	9.60 	121.80	24.77		
ILA056	3	241.24 	2.76 	7.34 	8.60 	121.81	24.76		
ILA068	3	228.78 	2.96 	8.44 	8.20 	121.86	24.60		
CHY117	4	103.07 	53.42 	58.88 	68.40 	120.22	23.80		
KAU003	4	43.42 	19.84 	28.28 	38.56 	120.26	22.63		
KAU057	4	41.90 	25.40 	46.88 	44.76 	120.28	22.64		
KAU010	4	30.42 	33.64 	56.10 	39.26 	120.29	22.79		
KAU086	4	28.56 	34.06 	60.12 	64.24 	120.30	22.79		
KAU065	4	30.37 	29.10 	56.00 	52.28 	120.31	22.75		
KAU092	4	47.06 	24.92 	32.62 	37.64 	120.31	22.55		
KAU045	4	45.84 	20.20 	32.90 	33.20 	120.32	22.57		
KAU059	4	31.72 	17.30 	47.46 	40.06 	120.32	22.73		
KAU088	4	38.50 	30.30 	63.28 	44.88 	120.32	22.64		
KAU006	4	43.10 	22.48 	0.00 	36.04 	120.33	22.59		
KAU058	4	37.54 	24.46 	60.94 	53.64 	120.33	22.65		
KAU015	4	36.20 	24.06 	53.14 	48.94 	120.34	22.65		
KAU055	4	43.08 	14.24 	58.10 	44.50 	120.34	22.58		
KAU005	4	39.27 	26.80 	58.30 	56.22 	120.35	22.62		
KAU066	4	29.42 	50.54 	62.84 	69.60 	120.35	22.73		
KAU056	4	44.44 	17.32 	28.96 	61.34 	120.36	22.56		
KAU007	4	35.83 	28.94 	46.40 	65.22 	120.37	22.64		
KAU017	4	48.49 	28.74 	43.18 	44.00 	120.39	22.51		
TCU113	4	108.42 	19.00 	49.88 	68.52 	120.40	23.89		
KAU089	4	50.94 	11.84 	33.18 	37.32 	120.41	22.48		
KAU067	4	32.01 	16.28 	31.34 	29.70 	120.42	22.66		
TCU112	4	126.03 	15.62 	48.84 	63.86 	120.43	24.06		
KAU021	4	21.73 	28.14 	49.86 	35.30 	120.44	22.75		
KAU032	4	42.73 	11.44 	55.18 	35.42 	120.46	22.54		
KAU033	4	51.58 	13.12 	31.42 	32.12 	120.46	22.46		
KAU083	4	40.94 	9.76 	36.08 	41.44 	120.46	22.56		
KAU024	4	29.38 	16.84 	38.64 	38.28 	120.48	22.66		
KAU025	4	27.26 	20.96 	31.90 	39.72 	120.49	22.68		
KAU031	4	38.03 	13.92 	39.02 	50.64 	120.49	22.58		
CHY081	4	38.09 	46.60 	65.12 	46.58 	120.50	23.26		
KAU023	4	27.61 	17.96 	28.54 	34.48 	120.50	22.68		
KAU095	4	27.57 	18.94 	31.74 	40.58 	120.50	22.68		
KAU026	4	25.11 	17.02 	40.90 	37.96 	120.51	22.70		
KAU027	4	29.32 	19.88 	33.66 	39.34 	120.51	22.66		
KAU044	4	53.85 	10.16 	31.54 	32.32 	120.51	22.44		
KAU071	4	30.47 	16.28 	43.80 	50.96 	120.52	22.65		
TCU149	4	147.81 	30.68 	65.46 	43.48 	120.52	24.26		
CHY003	4	87.82 	19.90 	73.18 	68.18 	120.54	23.71		
CHY109	4	35.93 	31.20 	40.48 	72.22 	120.54	23.25		
KAU035	4	41.51 	0.00 	25.10 	22.44 	120.54	22.55		
TCU158	4	126.37 	31.44 	40.58 	32.94 	120.54	24.06		
TCU070	4	141.08 	21.14 	49.48 	56.86 	120.55	24.20		
TCU123	4	121.16 	12.10 	27.26 	28.38 	120.55	24.02		
TCU061	4	134.31 	8.58 	23.08 	25.42 	120.56	24.13		
TCU106	4	128.44 	19.44 	40.64 	37.56 	120.56	24.08		
KAU074	4	38.76 	22.34 	30.54 	28.38 	120.57	22.57		
TCU059	4	148.98 	25.16 	50.46 	39.74 	120.57	24.27		
TCU109	4	128.62 	15.52 	31.60 	39.22 	120.58	24.08		
TCU116	4	103.50 	26.84 	33.44 	55.62 	120.59	23.86		
KAU072	4	28.83 	20.34 	23.18 	25.36 	120.60	22.67		
CHY024	4	92.56 	23.44 	70.32 	79.34 	120.62	23.76		
TCU122	4	98.74 	14.24 	29.72 	56.20 	120.62	23.81		
KAU079	4	37.75 	17.64 	26.84 	24.50 	120.63	22.59		
KAU037	4	74.01 	8.34 	34.82 	22.94 	120.65	22.26		
TCU125	4	115.18 	13.72 	32.24 	27.56 	120.69	23.95		
TCU126	4	94.19 	17.16 	42.92 	65.24 	120.69	23.76		
TCU157	4	125.11 	9.80 	19.42 	26.46 	120.70	24.04		
TCU150	4	108.77 	20.22 	67.78 	41.54 	120.71	23.89		
TCU143	4	108.42 	15.04 	35.22 	51.44 	120.76	23.88		
KAU050	4	34.87 	22.48 	51.64 	55.82 	120.77	23.16		
TCU084	4	112.60 	6.24 	21.74 	44.98 	120.91	23.88		
TCU169	4	169.55 	0.00 	29.38 	21.54 	120.99	24.40		
TTN025	4	55.04 	16.92 	27.46 	33.90 	121.08	22.90		
TTN026	4	56.62 	14.80 	19.16 	31.30 	121.09	22.86		
TTN027	4	57.89 	18.44 	22.06 	37.68 	121.09	22.81		
TTN041	4	63.97 	22.28 	30.76 	40.46 	121.13	23.13		
TTN004	4	60.84 	16.38 	35.28 	23.12 	121.14	22.91		
TTN023	4	65.16 	19.82 	44.56 	37.08 	121.16	23.05		
TTN044	4	65.26 	15.80 	30.38 	23.32 	121.17	23.01		
HWA004	4	77.34 	10.22 	26.68 	33.90 	121.25	23.17		
HWA037	4	104.94 	16.02 	22.66 	25.70 	121.39	23.45		
CHY115	5	53.10 	30.84 	102.08 	157.94 	120.09	23.15		
CHY116	5	47.02 	55.52 	115.86 	166.10 	120.12	23.08		
CHY114	5	44.60 	50.80 	85.14 	139.16 	120.13	23.04		
CHY056	5	55.96 	35.94 	165.50 	165.38 	120.14	23.26		
CHY012	5	59.96 	37.72 	131.68 	108.90 	120.16	23.33		
CHY016	5	51.13 	45.28 	210.08 	221.26 	120.16	23.22		
CHY020	5	44.27 	58.32 	76.76 	174.20 	120.16	23.10		
CHY093	5	90.02 	31.90 	91.94 	128.14 	120.16	23.65		
CHY071	5	41.10 	64.52 	122.86 	187.52 	120.17	23.06		
CHY098	5	39.70 	69.22 	129.02 	192.14 	120.17	23.00		
CHY004	5	83.79 	25.06 	112.46 	108.44 	120.18	23.60		
KAU063	5	37.11 	54.40 	97.42 	105.96 	120.18	22.90		
CHY067	5	37.00 	77.76 	147.14 	207.74 	120.19	23.00		
CHY069	5	36.73 	79.26 	119.20 	230.22 	120.19	22.97		
CHY112	5	93.59 	26.58 	78.16 	85.92 	120.19	23.70		
CHY077	5	44.78 	52.30 	231.72 	224.14 	120.20	23.17		
CHY085	5	35.63 	90.34 	163.26 	231.74 	120.20	22.99		
CHY125	5	35.42 	48.18 	81.72 	133.16 	120.20	22.98		
CHY068	5	34.99 	54.44 	135.54 	165.38 	120.21	22.99		
CHY097	5	35.39 	48.02 	125.36 	127.46 	120.21	23.01		
CHY113	5	64.69 	43.78 	157.40 	159.64 	120.21	23.42		
CHY134	5	57.40 	37.52 	131.84 	147.34 	120.22	23.35		
CHY033	5	75.78 	30.46 	136.86 	105.58 	120.23	23.54		
CHY076	5	85.38 	26.72 	161.12 	138.12 	120.23	23.64		
CHY111	5	101.17 	30.44 	84.24 	103.18 	120.23	23.79		
CHY064	5	32.25 	86.64 	112.72 	136.94 	120.24	23.00		
CHY078	5	34.01 	43.60 	101.86 	143.86 	120.24	23.04		
CHY096	5	31.77 	163.80 	138.90 	164.68 	120.24	22.98		
CHY123	5	69.53 	21.10 	185.10 	169.54 	120.24	23.48		
CHY129	5	51.24 	34.90 	136.10 	171.34 	120.24	23.29		
CHY001	5	91.78 	34.82 	85.62 	100.58 	120.25	23.70		
CHY060	5	37.82 	79.10 	170.76 	237.26 	120.25	23.12		
CHY108	5	41.70 	39.94 	100.00 	82.40 	120.25	23.19		
CHY027	5	96.35 	44.76 	86.50 	103.66 	120.26	23.75		
KAU009	5	29.30 	34.02 	104.38 	95.36 	120.26	22.87		
KAU011	5	33.82 	40.40 	59.88 	83.38 	120.26	22.76		
CHY013	5	55.46 	47.56 	170.66 	102.76 	120.27	23.36		
CHY008	5	67.92 	52.50 	158.82 	193.18 	120.28	23.48		
CHY017	5	42.33 	38.88 	210.14 	177.16 	120.28	23.21		
CHY055	5	47.14 	33.10 	167.22 	143.76 	120.28	23.27		
CHY120	5	64.56 	40.86 	103.34 	154.56 	120.29	23.46		
CHY107	5	48.57 	52.58 	162.96 	241.12 	120.30	23.30		
KAU061	5	40.15 	38.56 	82.02 	90.00 	120.30	22.64		
CHY082	5	91.97 	27.78 	93.04 	128.32 	120.31	23.72		
CHY122	5	50.45 	49.28 	87.00 	142.26 	120.31	23.32		
CHY054	5	48.54 	36.34 	163.02 	200.78 	120.32	23.31		
CHY095	5	63.04 	29.66 	117.68 	189.30 	120.33	23.46		
KAU085	5	22.43 	72.82 	146.78 	149.22 	120.33	22.88		
CHY043	5	57.46 	42.16 	214.66 	136.86 	120.34	23.40		
TCU145	5	118.77 	12.76 	108.82 	110.90 	120.34	23.98		
CHY039	5	69.01 	22.98 	205.28 	219.62 	120.35	23.52		
CHY065	5	19.81 	121.70 	165.92 	161.90 	120.35	22.90		
CHY105	5	72.93 	25.68 	188.92 	179.04 	120.35	23.55		
KAU014	5	31.56 	37.10 	80.04 	68.98 	120.35	22.70		
CHY053	5	44.36 	25.14 	177.52 	171.82 	120.36	23.29		
CHY049	5	52.37 	35.16 	150.32 	189.36 	120.37	23.37		
KAU012	5	17.57 	93.86 	180.08 	210.66 	120.38	22.88		
CHY128	5	44.28 	34.16 	163.34 	199.12 	120.39	23.29		
CHY018	5	36.34 	61.62 	227.42 	165.08 	120.40	23.22		
CHY106	5	58.38 	38.16 	149.96 	121.04 	120.41	23.44		
CHY002	5	89.01 	29.30 	93.92 	102.78 	120.42	23.72		
CHY009	5	62.36 	38.76 	176.74 	188.62 	120.42	23.47		
CHY026	5	97.70 	30.02 	99.66 	103.44 	120.42	23.80		
KAU090	5	39.10 	18.20 	57.82 	88.26 	120.42	22.59		
CHY073	5	64.58 	38.96 	116.34 	167.56 	120.43	23.50		
KAU053	5	16.08 	30.88 	86.00 	56.02 	120.43	22.82		
CHY038	5	68.41 	48.34 	223.86 	239.60 	120.46	23.53		
CHY084	5	89.50 	30.54 	70.44 	90.04 	120.46	23.73		
TCU121	5	108.07 	19.94 	43.12 	82.34 	120.46	23.89		
CHY046	5	61.73 	51.88 	183.86 	131.32 	120.47	23.48		
CHY051	5	40.42 	53.32 	215.84 	186.18 	120.47	23.28		
CHY119	5	61.43 	56.70 	116.32 	108.28 	120.47	23.47		
CHY133	5	67.91 	67.06 	249.76 	219.36 	120.47	23.53		
CHY030	5	80.07 	14.98 	83.20 	102.14 	120.48	23.64		
CHY036	5	75.96 	18.66 	124.40 	108.68 	120.49	23.61		
CHY092	5	96.18 	15.22 	54.72 	122.48 	120.49	23.79		
CHY118	5	29.48 	47.56 	169.58 	145.84 	120.49	23.18		
CHY135	5	40.64 	63.84 	97.38 	172.52 	120.51	23.29		
CHY025	5	94.77 	25.76 	85.12 	171.92 	120.52	23.78		
CHY132	5	59.47 	48.74 	82.82 	78.46 	120.52	23.46		
CHY079	5	29.17 	82.60 	145.60 	122.76 	120.53	23.19		
CHY087	5	50.92 	64.80 	126.76 	126.50 	120.53	23.38		
CHY110	5	36.04 	42.14 	128.06 	143.94 	120.53	23.25		
CHY126	5	85.59 	62.68 	94.42 	103.02 	120.53	23.70		
CHY029	5	76.40 	31.92 	80.14 	86.84 	120.54	23.61		
CHY103	5	86.11 	21.00 	102.94 	146.24 	120.54	23.70		
KAU020	5	2.46 	106.46 	203.56 	181.42 	120.54	22.90		
KAU068	5	5.98 	97.16 	216.86 	184.00 	120.54	22.98		
KAU068	5	5.98 	97.16 	216.86 	184.00 	120.54	22.98		
CHY010	5	59.99 	24.36 	73.06 	85.08 	120.55	23.46		
CHY034	5	66.25 	44.22 	139.34 	156.58 	120.55	23.52		
CHY101	5	84.49 	19.10 	102.72 	106.68 	120.57	23.68		
KAU029	5	18.89 	39.62 	89.30 	67.96 	120.58	22.75		
CHY014	5	41.49 	55.52 	165.08 	185.32 	120.59	23.29		
CHY042	5	48.35 	34.64 	85.58 	92.58 	120.59	23.36		
CHY083	5	88.64 	19.66 	126.18 	87.54 	120.59	23.72		
CHY086	5	47.82 	55.84 	102.16 	86.40 	120.59	23.35		
KAU047	5	18.18 	70.46 	195.40 	191.76 	120.59	23.08		
KAU028	5	12.04 	41.52 	83.12 	63.44 	120.60	22.83		
CHY028	5	78.81 	56.22 	175.36 	244.44 	120.62	23.63		
CHY102	5	36.52 	47.50 	170.12 	119.08 	120.62	23.24		
KAU049	5	22.02 	69.93 	102.29 	61.30 	120.64	22.74		
CHY011	5	63.12 	39.08 	89.70 	157.52 	120.65	23.48		
CHY045	5	43.73 	36.74 	75.40 	82.22 	120.67	23.30		
KAU054	5	43.25 	31.94 	77.90 	110.26 	120.72	23.28		
TCU167	5	85.38 	29.32 	132.46 	74.54 	120.77	23.66		
CHY074	5	70.55 	33.28 	81.34 	70.18 	120.81	23.51		
CHY070	6	31.84 	166.32 	153.04 	250.12 	120.24	22.96		
CHY058	6	35.38 	67.44 	250.12 	233.22 	120.33	23.17		
CHY089	6	25.02 	102.86 	282.92 	394.52 	120.36	23.08		
CHY131	6	28.75 	167.62 	260.50 	263.14 	120.36	23.12		
CHY015	6	49.51 	29.12 	169.04 	262.36 	120.41	23.35		
CHY037	6	71.02 	56.98 	212.08 	271.08 	120.43	23.55		
CHY088	6	48.03 	39.04 	204.20 	252.46 	120.44	23.34		
CHY047	6	63.96 	75.44 	279.20 	244.22 	120.46	23.49		
CHY061	6	17.10 	134.70 	209.16 	316.68 	120.52	23.07		
KAU078	6	25.98 	137.80 	108.00 	274.82 	120.65	22.71		
KAU069	6	13.01 	140.28 	285.92 	259.24 	120.66	22.89		
CHY080	6	76.03 	90.20 	233.98 	334.00 	120.68	23.60		
CHY136	6	80.90 	99.96 	289.80 	222.12 	120.72	23.63		
CHY063	7	23.00 	163.26 	238.64 	416.92 	120.35	23.03		
CHY062	7	23.76 	132.26 	444.54 	426.22 	120.46	23.12		
									
									
									
