測站代碼 測站名稱 震度值 震央距(Km) 垂直向(gal) 南北向(gal) 東西向(gal) TWD97經度 TWD97緯度
TCU049 僑孝國小 6 38.32 178.00 241.94 273.42 120.70 24.18
TCU052 光正國小 7 39.03 193.98 438.68 348.66 120.75 24.20
TCU053 四張犛國小 5 40.61 120.88 132.08 224.78 120.68 24.19
TCU 台中氣象站 5 35.62 118.67 187.10 201.46 120.68 24.15
TCU054 省三國小 5 37.00 132.96 190.38 143.14 120.68 24.16
TCU082 台中氣象站 5 35.62 129.26 182.50 221.08 120.68 24.15
TCU048 東海大學 5 42.36 97.32 175.62 116.94 120.61 24.18
TCU050 西屯國小 5 40.90 86.80 128.12 142.72 120.64 24.18
TCU057 協和國小 5 41.07 81.46 100.12 111.32 120.62 24.17
TCU100 永安國小 5 42.05 83.80 111.38 107.96 120.63 24.18
TCU051 忠明國小 5 37.90 109.70 230.70 156.84 120.66 24.16
TCU056 黎明國小 5 39.06 116.88 140.32 153.90 120.63 24.16
TCU133 大勇國小 6 35.58 240.28 260.44 281.96 120.66 24.13
TCU055 忠孝國小 6 35.26 153.30 208.16 256.90 120.67 24.14
TCU064 順天國小 5 58.48 82.36 113.52 109.10 120.62 24.34
TCU061 大忠國小 5 41.54 86.14 154.08 133.20 120.56 24.13
TCU067 健民國小 7 28.15 230.58 312.66 488.86 120.73 24.09
TCU060 大雅國小 5 44.73 86.32 101.08 196.84 120.65 24.22
TCU068 石岡國小 7 47.38 519.42 361.94 501.60 120.77 24.28
TCU103 內埔國小 5 51.75 142.30 149.30 126.50 120.71 24.31
TCU104 公明國小 5 48.66 90.32 86.92 101.38 120.61 24.24
TCU105 竹林國小 5 50.13 61.14 124.30 111.26 120.57 24.24
TCU088 德基 7 57.57 224.06 515.36 508.90 121.16 24.25
TCU137 白冷國小 7 38.40 324.38 403.56 521.64 120.93 24.18
TCU063 烏日國小 5 35.00 132.96 129.98 179.44 120.62 24.11
TCU136 神岡國小 5 48.09 111.68 170.84 166.82 120.66 24.26
TCU059 清水國小 5 52.75 64.48 161.92 156.66 120.57 24.27
TCU070 龍泉國小 5 47.43 76.20 157.38 248.58 120.55 24.20
TCU101 豐南國中 6 44.39 164.02 253.56 207.80 120.72 24.24
TCU102 豐東國中 6 44.93 173.28 168.98 298.36 120.73 24.25
TCU065 霧峰國小 7 26.13 257.80 563.22 774.42 120.70 24.06
TAP006 士林商職 5 154.61 31.16 68.30 98.94 121.52 25.09
TAP098 故宮博物院 4 156.87 26.32 54.56 62.08 121.55 25.10
TAP007 大龍國小 5 152.61 29.02 71.48 104.80 121.52 25.07
TAP012 日新國小 5 150.68 28.30 53.66 96.36 121.52 25.05
TAP020 幸安國小 4 149.87 32.24 66.10 59.76 121.53 25.04
TAP021 仁愛國小 5 150.60 36.18 99.24 98.22 121.55 25.04
TAP008 大佳國小 4 153.50 18.12 59.52 73.40 121.54 25.07
TAP013 長春國小 5 151.66 23.68 75.00 86.62 121.53 25.06
TAP 中央氣象局 4 148.96 14.36 41.63 58.86 121.51 25.04
TAP 中央氣象局 4 148.96 14.36 41.63 58.86 121.51 25.04
TAP100 中正紀念堂 2 5 148.86 23.32 84.94 中正區 121.52
TAP067 指南宮 4 147.16 35.52 42.40 36.48 121.59 24.98
TAP005 文林國小 5 155.68 23.74 81.40 126.86 121.51 25.11
TAP056 竹子湖氣象站 5 162.59 24.58 70.76 117.54 121.54 25.16
TAP066 鞍部氣象站 4 164.12 21.30 71.24 48.68 121.53 25.18
TAP094 桃源國小 5 157.71 28.60 82.84 63.16 121.48 25.14
TAP095 北投國小 5 157.77 46.78 91.46 138.24 121.50 25.13
TAP014 民生國小 5 152.60 28.24 69.08 106.82 121.55 25.06
TAP088 塯公國中 5 152.47 41.52 114.90 88.70 121.59 25.04
TAP089 吳興國小 4 150.36 23.26 39.42 42.28 121.57 25.03
TAP090 東新國小 5 155.11 28.78 87.74 135.96 121.60 25.06
TAP049 米倉國小 5 156.78 35.88 70.76 115.74 121.45 25.15
TAP010 二重國小 5 150.04 27.22 85.96 114.90 121.48 25.07
TAP032 積穗國小 5 143.63 57.36 112.16 108.26 121.48 25.00
TAP051 成州國小 5 152.23 35.42 62.68 111.14 121.45 25.10
TAP026 頂溪國小 4 146.60 48.68 69.26 76.86 121.51 25.01
TAP028 永和國小 4 145.68 15.14 48.38 51.32 121.52 25.00
TAP052 林口國小 5 147.78 39.78 128.06 64.60 121.39 25.08
TAP024 埔墘國小 4 145.20 23.38 75.96 61.60 121.47 25.02
TAP069 三貂角 4 175.01 12.08 35.36 25.78 122.00 25.01
TAP041 天生國小 5 159.49 18.30 63.16 84.22 121.43 25.18
TAP042 竹圍國小自強分班 5 158.09 24.16 95.10 86.62 121.46 25.13
TAP034 新店國小 4 142.07 23.50 63.58 53.42 121.54 24.95
TAP035 屈尺國小 5 139.50 26.92 84.64 66.04 121.55 24.92
TAP036 龜山國小 4 137.96 15.98 38.22 30.98 121.55 24.90
TAP053 氣象儀器檢校中心 5 141.80 34.70 82.66 79.26 121.52 24.96
TAP086 雙峰國小 4 143.72 31.22 49.52 35.94 121.58 24.95
TAP017 昌隆國小 5 147.63 33.92 97.20 110.66 121.46 25.05
TAP046 瑞亭國小 5 168.99 17.88 53.18 81.46 121.78 25.10
TAP043 樹林國小 5 139.81 24.88 82.42 63.46 121.42 24.99
TAP003 成功國小 5 151.11 43.30 105.52 127.28 121.46 25.09
TAP047 鶯歌國小 4 132.96 24.52 52.94 50.48 121.35 24.95
TAW 大武氣象站 2 165.76 3.83 5.74 5.74 120.90 22.36
TTN016 大武氣象站 3 165.76 6.16 9.68 7.36 120.90 22.36
TTN003 大王國中 3 138.08 12.08 18.84 22.20 121.01 22.62
TTN050 三和國小 4 132.31 9.64 22.32 26.20 121.04 22.67
TTN 台東氣象站 4 126.27 14.36 29.19 29.19 121.15 22.75
TTN005 東師附小 4 125.85 13.22 24.16 26.74 121.15 22.75
TTN006 寶桑國中 4 124.08 14.18 19.26 27.16 121.15 22.77
TTN007 寶桑國小 3 125.15 13.16 24.28 18.00 121.15 22.76
TTN008 仁愛國小 4 125.87 17.10 23.68 30.44 121.16 22.76
TTN009 復興國小 4 126.75 13.64 29.54 32.90 121.15 22.75
TTN010 豐里國小 4 127.07 11.18 28.66 19.80 121.12 22.74
TTN012 新生國小 4 124.70 13.76 20.82 25.90 121.14 22.76
TTN013 馬蘭國小 3 124.37 7.66 16.44 16.14 121.14 22.77
TTN015 台東氣象站 4 126.27 14.06 30.68 25.42 121.15 22.75
TTN048 豐田國中 3 122.47 18.12 24.28 23.62 121.09 22.77
TTN049 豐源國小 6 127.48 .00 90.32 250.74 121.11 22.73
CHK 成功氣象站 4 100.50 22.01 42.11 43.54 121.37 23.10
TTN014 成功氣象站 4 100.50 25.18 43.60 49.16 121.37 23.10
TTN018 台東１ 4 117.29 13.94 22.08 34.52 121.08 22.82
TTN047 利吉國小 4 116.65 .00 25.50 25.05 121.14 22.84
TTN002 東河國小 4 109.13 15.80 25.36 25.54 121.30 22.97
TTN042 泰源國小 4 105.47 19.62 56.40 57.54 121.29 23.00
TTN046 尚德國小 5 107.21 19.44 65.14 111.68 121.24 22.96
TTN001 長濱國小 5 87.27 38.88 60.84 94.32 121.45 23.32
TTN040 廣原國小 4 86.99 21.18 30.98 30.74 121.21 23.15
TTN041 初來國小新武分校 4 85.31 38.88 64.24 79.14 121.13 23.13
TTN004 鹿野國小 4 109.04 26.56 42.70 38.64 121.14 22.91
TTN045 瑞源國中 4 102.89 16.44 32.96 39.24 121.16 22.97
TTN044 電光國小 4 100.16 32.06 54.84 49.22 121.17 23.01
LAY 蘭嶼氣象站 3 214.55 2.87 11.01 9.57 121.56 22.04
CHY071 安佃國小 4 109.67 14.90 52.88 77.28 120.17 23.06
CHY070 德高國小 4 115.15 16.62 47.56 38.04 120.24 22.96
CHY069 日新國小 4 116.84 24.64 38.10 43.30 120.19 22.97
CHY059 後港國小頂山分校 4 103.80 15.62 47.20 46.48 120.11 23.18
CHY017 中營國小 4 90.05 29.54 54.14 51.20 120.28 23.21
CHY057 嗚頭國小 4 88.16 21.18 52.70 38.64 120.42 23.15
CHY078 永康氣象站 5 108.14 20.94 43.84 86.92 120.24 23.04
TAI1 永康氣象站 5 108.14 20.58 44.50 87.57 120.24 23.04
CHY062 玉井國小 4 88.90 19.26 48.68 59.22 120.46 23.12
CHY015 白河國小 5 69.15 33.02 149.48 140.62 120.41 23.35
CHY088 河東國小 5 68.48 41.92 207.20 148.10 120.44 23.34
CHY060 安定國小 4 99.79 19.20 44.38 41.52 120.25 23.12
CHY058 渡拔國小 4 90.74 24.88 57.30 47.44 120.33 23.17
CHY050 水雲國小 5 75.78 27.40 66.10 104.98 120.42 23.28
CHY022 南化國小 4 96.34 22.96 43.96 63.70 120.47 23.04
CHY061 玉山國小 4 91.41 19.98 41.88 28.18 120.52 23.07
CHY049 後壁國小 5 71.17 27.94 102.04 98.52 120.37 23.37
CHY016 苓和國小 5 97.26 45.04 104.80 97.26 120.16 23.22
CHY063 口碑國小 4 103.50 25.78 64.90 58.26 120.35 23.03
CHY054 新營國小 5 79.46 33.44 93.66 93.02 120.32 23.31
CHY081 東山 4 72.57 25.54 43.78 53.18 120.50 23.27
CHY019 楠西國小 4 82.12 22.66 64.30 50.42 120.49 23.18
CHY023 歸南國小 4 112.45 17.82 58.02 46.18 120.29 22.96
CHY065 崇和國小 5 115.38 29.36 92.90 113.70 120.35 22.90
CHY090 大豐國小 4 89.15 29.66 70.64 75.30 120.22 23.27
ILA014 大洲國小 4 130.81 27.58 61.54 60.00 121.73 24.69
ILA024 憲明國小 4 120.67 25.60 33.02 41.22 121.62 24.66
ILA005 孝威國小 4 137.29 25.24 78.84 69.26 121.81 24.70
ILA008 學進國小 4 135.06 33.32 56.52 77.40 121.77 24.71
ILA042 五結國小 5 135.61 20.94 66.88 82.00 121.80 24.69
ILA043 順安分校 4 126.95 36.85 46.42 60.29 121.74 24.63
ILA044 順安國小 5 130.51 29.24 69.62 80.58 121.76 24.65
ILA046 廣興國小 4 129.76 30.26 52.16 66.52 121.74 24.66
ILA004 壯圍國小 4 139.28 25.36 62.92 71.84 121.79 24.74
ILA041 新南國小 5 138.32 22.60 61.96 99.54 121.80 24.72
ILA013 育才國小 5 134.77 39.72 146.60 134.16 121.74 24.73
ILA030 凱旋國小 5 136.07 29.48 108.44 115.56 121.76 24.73
ILA048 慈雲寺 5 139.55 29.54 75.06 88.52 121.76 24.77
ILA049 宜蘭氣象站 5 138.52 25.24 60.66 81.58 121.76 24.76
ENA 金洋國小 4 113.61 53.59 64.60 63.64 121.75 24.43
ILA050 金洋國小 4 113.61 53.60 62.92 63.46 121.75 24.43
ILA015 湖山國小 4 135.91 18.24 47.74 36.00 121.70 24.78
ILA016 大湖國小 4 132.76 37.02 71.00 78.72 121.69 24.75
ILA021 化育國小 4 127.20 26.74 68.96 59.94 121.65 24.71
ILA037 員山國小 5 134.54 24.88 103.60 68.72 121.72 24.74
ILA039 同樂國小 4 136.61 20.10 55.03 56.94 121.73 24.76
ILA051 內城 4 129.75 23.20 32.72 77.22 121.68 24.72
ILA001 頭城外澳分校 3 153.99 11.06 24.58 22.90 121.84 24.88
ILA002 二城國小 4 148.36 22.08 69.68 47.68 121.81 24.84
ILA003 玉田國小 4 143.43 18.42 71.06 57.12 121.79 24.80
ILA012 龍潭國小 5 138.75 26.74 60.66 80.80 121.74 24.78
ILA035 礁溪國小 4 144.07 12.44 45.46 66.04 121.77 24.82
ILA036 四結國小 4 140.62 22.66 65.14 46.78 121.76 24.79
ILA010 照安宮 4 134.48 22.90 39.90 58.44 121.79 24.62
ILA027 竹林國小 5 133.38 21.53 66.99 103.36 121.77 24.69
ILA006 育英國小 4 134.65 37.08 68.54 77.10 121.83 24.64
ILA007 士敏國小 5 133.01 35.76 84.88 60.48 121.85 24.59
ILA031 蘇澳國小 4 132.28 29.48 74.40 55.62 121.84 24.60
ILA032 馬賽國小 4 133.62 25.36 52.16 55.99 121.84 24.62
ILA052 蘇澳 4 134.54 18.36 38.76 25.78 121.86 24.61
HWA024 玉里 4 74.02 24.88 25.48 21.78 121.31 23.35
HWA054 三民國小 4 70.97 .36 49.64 15.50 121.35 23.43
HWA055 樂合國小 5 78.89 60.60 84.76 86.92 121.34 23.32
HWA005 花蓮糖廠 5 64.53 50.06 132.08 143.62 121.42 23.66
HWA006 光復國中 5 64.46 61.36 85.60 90.50 121.43 23.67
HWA015 吉安國小 5 76.44 50.78 70.40 104.02 121.56 23.97
HWA016 稻香國小 5 76.85 49.76 82.54 100.72 121.57 23.96
HWA017 南華國小 5 74.47 49.16 83.02 80.74 121.55 23.95
HWA049 太昌國小 5 77.05 37.20 84.22 97.68 121.56 23.99
HWA050 北昌國小 5 79.64 53.18 91.64 90.14 121.59 23.99
EHC 和中 5 103.96 40.67 86.61 119.63 121.74 24.27
HWA022 和中 5 103.96 39.36 80.28 119.16 121.74 24.27
HWA045 和平國小 5 106.82 70.88 185.84 122.56 121.75 24.31
HWA046 富世國小 5 88.30 48.16 83.98 74.12 121.63 24.15
HWA053 太平國小 4 70.71 23.37 27.20 .00 121.32 23.41
HWA 花蓮氣象站 5 81.57 47.80 132.18 129.14 121.61 23.98
HWA 花蓮氣象站 5 81.57 47.44 133.20 126.86 121.61 23.98
HWA 花蓮氣象站 5 81.57 42.59 108.14 119.15 121.61 23.98
HWA007 花蓮高中 5 83.09 29.96 84.22 64.36 121.63 23.99
HWA009 花師附小 5 82.91 38.88 100.66 84.46 121.62 23.99
HWA011 明廉國小 5 80.12 36.78 97.26 86.86 121.59 24.00
HWA012 明恥國小 4 83.72 36.42 64.36 79.80 121.63 23.99
HWA013 忠孝國小 5 80.07 61.26 111.26 139.78 121.60 23.98
HWA014 信義國小 5 80.79 39.24 88.64 101.62 121.61 23.97
HWA019 花蓮氣象站 5 81.57 46.90 132.60 126.44 121.61 23.98
HWA048 國福國小 5 78.97 52.58 166.22 122.02 121.58 24.01
HWA023 秀林 4 83.45 27.94 37.32 38.10 121.60 24.08
ESL 西林國小 4 63.05 56.46 72.26 66.51 121.44 23.81
HWA020 西林國小 4 63.05 52.46 66.64 56.64 121.44 23.81
HWA051 月眉國小 5 74.68 50.18 149.30 165.20 121.56 23.87
HWA002 豐濱國小 5 76.32 32.24 89.24 50.48 121.52 23.60
HWA003 豐濱鄉衛生所 5 76.19 51.62 134.82 48.50 121.52 23.60
TCU078 水里國小 7 5.53 171.00 302.48 439.70 120.86 23.81
WNT 新街國小 7 13.66 311.04 602.45 921.14 120.69 23.88
TCU076 南投國小 7 15.53 275.38 420.02 340.10 120.68 23.91
TCU074 南光國小 7 19.30 270.18 368.40 585.94 120.97 23.96
TCU071 雙冬國小 7 15.07 415.54 639.00 517.82 120.80 23.98
TCU075 草屯國小 6 20.06 223.88 257.32 325.34 120.69 23.98
TCU072 國姓國小 7 21.46 274.66 370.50 465.30 120.85 24.04
SML 日月潭氣象站 7 9.23 318.69 381.38 955.60 120.91 23.88
TCU079 頭社國小 7 8.14 383.82 416.96 579.78 120.90 23.84
TCU084 日月潭氣象站 7 9.23 311.76 422.82 989.22 120.91 23.88
KAU048 惠農國小 4 129.15 11.54 28.66 38.28 120.50 22.72
SGL 惠農國小 4 129.15 8.61 30.15 34.93 120.50 22.72
SSD 賽嘉國小 3 123.97 16.27 24.40 18.66 120.64 22.74
KAU030 內埔國小 4 139.90 12.38 33.26 37.86 120.57 22.61
KAU040 牡丹國小旭海分校 2 184.04 6.31 7.64 7.81 120.88 22.19
KAU039 溫泉國小 3 194.67 6.58 9.98 10.64 120.75 22.09
KAU034 古樓國小 3 147.81 8.66 8.69 8.72 120.63 22.53
KAU037 枋山國小 4 176.92 9.86 25.18 17.64 120.65 22.26
KAU038 楓港國小 3 184.39 5.74 9.52 8.74 120.69 22.19
KAU033 以栗國小 4 158.13 8.20 18.48 26.80 120.46 22.46
KAU044 仁和國小 4 159.82 10.52 37.74 35.76 120.51 22.44
KAU022 屏師附小 4 135.08 13.16 59.16 31.28 120.50 22.67
HEN 恆春氣象站 3 204.67 9.09 24.88 22.01 120.75 22.00
KAU043 墾丁國小鵝鑾分校 3 214.59 9.68 14.84 16.04 120.85 21.91
KAU046 恆春氣象站 3 204.67 7.96 22.56 22.20 120.75 22.00
KAU052 恒春１ 3 211.22 4.84 7.48 10.40 120.81 21.94
KAU082 水泉國小 3 211.70 8.74 19.44 16.86 120.73 21.94
KAU051 春日國小 3 165.22 6.58 8.38 9.16 120.63 22.37
KAU032 仙吉國小 4 149.40 9.28 28.48 38.40 120.46 22.54
KAU042 滿州國小 3 202.71 5.98 10.58 10.64 120.84 22.02
NSY 建中國小 5 62.64 84.70 115.80 118.67 120.77 24.41
NSY 建中國小 5 62.64 84.70 115.80 118.67 120.77 24.41
TCU047 大河國小 6 85.80 261.04 399.38 291.66 120.95 24.62
TCU087 鯉魚潭 5 55.07 91.10 111.50 119.16 120.77 24.35
TCU046 福德國小 5 68.26 96.78 116.34 139.54 120.86 24.47
TCU033 竹南國小 5 92.37 73.04 181.48 154.50 120.87 24.68
TCU029 西湖國小 5 78.53 62.20 194.40 154.68 120.76 24.56
NST 田美國小 6 88.22 90.62 391.31 305.45 121.01 24.63
TCU035 後龍國小 5 84.61 59.64 113.88 116.10 120.80 24.61
TCU042 大同國小 5 77.85 81.94 207.98 247.52 120.81 24.55
TCU040 苑裡國小 5 68.37 79.02 121.90 158.86 120.65 24.45
TCU031 啟明國小 5 79.34 65.26 122.56 112.52 120.71 24.56
TCU036 坪頂國小 5 67.09 60.90 122.32 134.22 120.71 24.45
TCU038 通霄電廠 5 72.63 65.86 142.66 142.30 120.67 24.49
TCU034 造橋國小 5 87.32 70.28 103.12 247.94 120.87 24.64
TCU045 獅潭國小 7 76.96 353.08 511.72 463.32 120.92 24.54
TCU039 銅鑼國小 5 70.90 121.96 136.08 193.38 120.79 24.49
TCU011 大溪國小 4 123.72 28.66 69.56 63.58 121.29 24.88
NCU 中央大學 5 129.25 34.93 99.05 79.91 121.19 24.97
TCU008 青埔國小 4 134.03 24.82 64.66 66.70 121.21 25.01
TCU009 新街國小 4 129.89 22.56 63.28 69.92 121.23 24.96
TCU083 中央大學 5 129.25 33.14 114.78 89.30 121.19 24.97
TCU007 青溪國小 4 136.73 27.76 72.38 57.66 121.32 25.00
TCU092 中埔國小 5 136.69 27.34 62.08 87.14 121.29 25.01
NSK 三光國小 4 106.52 39.72 54.07 68.43 121.37 24.67
TCU085 三光國小 4 106.52 41.46 52.34 62.08 121.37 24.67
TCU006 大同國小 4 121.96 33.08 75.96 59.16 121.15 24.91
TCU147 核能研究所 5 119.38 54.56 131.36 111.56 121.25 24.85
TCU014 大坑國小 4 141.29 17.46 74.28 55.74 121.32 25.04
TCU003 草漯國小 5 136.23 22.26 80.22 50.90 121.14 25.05
TCU010 崙坪國小 5 131.83 28.06 70.16 89.66 121.16 25.00
KAU058 高雄應用科技大學 3 142.51 13.22 23.74 22.66 120.33 22.65
KAU062 高雄女中 4 146.54 15.80 33.20 27.40 120.29 22.62
KAU054 民生國小 5 64.52 29.78 78.24 84.16 120.72 23.28
KAU012 崇德國小 5 116.92 23.32 45.88 84.52 120.38 22.88
KAU001 小林國小 4 78.60 40.14 21.78 42.58 120.64 23.16
KAU047 甲仙國中 4 88.37 20.34 41.92 32.66 120.59 23.08
SGS 甲仙國中 4 88.37 19.62 38.28 28.71 120.59 23.08
KAU010 兆湘國小 4 130.10 11.30 30.98 31.58 120.29 22.79
KAU017 林園國小 4 155.12 12.20 27.22 22.90 120.39 22.51
KAU020 美濃國小 4 109.15 19.38 75.42 53.96 120.54 22.90
KAU050 桃源國小 4 76.72 23.02 37.26 41.76 120.77 23.16
STY 桃源國小 4 76.72 20.10 39.24 36.85 120.77 23.16
KAU011 梓官國小 4 133.63 13.70 54.50 56.34 120.26 22.76
KAU015 大華國小 4 141.41 13.46 30.26 26.98 120.34 22.65
KAU018 旗山國小 4 112.16 15.68 24.82 34.28 120.48 22.89
KAU007 鎮北國小 3 141.68 13.10 24.22 24.82 120.37 22.64
TAP060 德和國小 4 171.21 13.10 34.52 35.36 121.73 25.15
TAP104 協和電廠 4 171.93 17.76 32.60 37.02 121.74 25.16
TAP059 隆聖國小 4 169.33 17.76 39.30 29.66 121.69 25.16
CHY026 永定國小 4 41.61 69.62 65.80 76.08 120.42 23.80
CHY004 頂湖國小 5 71.32 39.18 93.48 94.68 120.18 23.60
CHY033 文正國小 4 70.16 33.92 58.62 67.76 120.22 23.54
CHY032 北辰國小 5 61.13 61.66 72.50 86.20 120.30 23.58
CHY028 山峰國小 7 32.30 335.50 749.90 624.16 120.62 23.63
CHY029 興昌國小 6 39.43 157.56 233.16 282.98 120.54 23.61
WGK 東和國小 7 31.80 175.62 445.98 337.83 120.57 23.68
CHY076 四湖國小 4 65.02 31.46 70.94 68.66 120.23 23.64
WSF 四湖 4 65.02 32.06 66.99 65.08 120.23 23.64
CHY024 林中國小 6 23.76 141.40 162.16 276.34 120.61 23.75
CHY002 廉使國小 5 43.66 96.06 134.64 108.14 120.42 23.72
CHY027 麥寮國小 4 58.99 45.88 51.26 54.02 120.26 23.75
CHY025 饒平國小 5 31.74 169.70 152.04 158.56 120.52 23.78
CHY082 巃巖國小 4 54.46 78.36 63.28 61.02 120.31 23.72
TCU017 新竹園區高中 5 104.65 48.44 123.22 82.12 121.02 24.78
TCU096 新竹教育大學 5 105.29 36.66 106.00 54.02 120.97 24.79
TCU015 茄苳國小 5 101.02 65.62 122.14 128.12 120.95 24.76
TCU098 內湖國小 5 99.10 48.16 97.86 103.54 120.91 24.74
HSN 新竹氣象站 5 109.94 26.80 80.39 54.07 121.01 24.83
TCU081 新竹氣象站 5 109.94 36.12 93.26 76.74 121.01 24.83
TCU094 二重國小 5 104.29 38.94 88.34 70.76 121.06 24.77
TCU026 芎林國小 5 105.59 56.22 89.48 116.04 121.08 24.77
TCU095 峨眉國小 7 94.96 250.80 684.52 366.54 121.02 24.69
TCU018 湖口國小 4 116.29 31.22 55.50 55.56 121.06 24.88
TCU025 內灣國小 4 101.36 36.06 60.66 72.14 121.18 24.70
CHY 嘉義氣象站 5 55.97 46.42 144.51 146.43 120.43 23.50
CHY009 育人國小 5 59.00 76.50 147.20 147.32 120.42 23.47
CHY046 蘭潭國小 5 54.95 79.86 186.20 142.66 120.47 23.48
CHY036 三和國小 6 43.61 104.38 199.60 266.96 120.49 23.61
CHY014 大埔國小 6 66.02 97.74 254.68 223.88 120.59 23.29
WTP 大埔國小坪林分校 4 70.23 24.88 43.54 44.50 120.62 23.24
CHY087 澐水國小 5 59.94 55.14 125.32 132.36 120.53 23.38
CHY012 新塭國小 4 88.85 29.02 61.42 51.86 120.16 23.33
CHY044 布袋國小 4 84.22 24.70 67.82 54.80 120.17 23.38
CHY008 雙溪國小 5 68.89 72.32 117.36 126.02 120.28 23.48
CHY035 龍山國小 5 43.75 106.24 244.34 245.60 120.59 23.52
ALS 阿里山氣象站 5 37.89 86.13 145.95 212.94 120.81 23.51
CHY074 阿里山氣象站 5 37.89 97.68 157.02 229.20 120.81 23.51
CHY006 梅山國小 6 40.23 211.02 351.46 348.00 120.56 23.58
CHY010 民和國小 5 51.02 138.82 170.84 221.20 120.55 23.46
CHY041 黎明國小 7 50.82 122.86 630.20 296.86 120.60 23.44
CHY042 永興國小 5 59.66 62.68 65.38 97.56 120.59 23.36
CHY039 月眉國小 5 60.53 38.34 96.84 113.70 120.35 23.52
TCU122 二水國小 6 21.42 236.02 255.64 207.44 120.62 23.81
TCU113 興華國小 5 43.87 80.22 71.96 69.50 120.40 23.89
WTC 西港國小 4 54.43 51.20 48.33 53.12 120.29 23.86
TCU116 田中國中 5 23.97 119.04 132.78 185.30 120.59 23.86
TCU111 和美國小 5 44.24 76.92 93.96 124.60 120.49 24.11
TCU119 芳苑國中 4 51.89 60.18 52.52 62.68 120.32 23.92
TCU123 華南國小 5 33.21 85.54 131.96 149.00 120.55 24.02
TCU120 同安國小 5 24.96 166.52 193.50 222.98 120.62 23.98
TCU110 員林國小 5 27.63 116.28 187.52 178.24 120.58 23.96
TCU118 永樂國小 5 43.23 99.94 92.48 115.56 120.43 24.00
TCU112 洛津國小 4 45.99 65.26 68.00 78.30 120.43 24.06
TCU115 溪湖國小 5 37.16 76.44 115.20 94.32 120.48 23.96
TCU106 彰化師範大學 5 37.30 115.86 122.26 157.38 120.56 24.08
TCU107 南郭國小 5 37.25 94.50 143.86 127.76 120.55 24.07
TCU109 大竹國小 5 35.72 132.96 159.16 149.00 120.58 24.08
TCU117 線西國中 5 47.73 89.96 113.46 121.30 120.47 24.13
CHY075 澎湖氣象站 4 132.34 15.26 37.02 37.08 119.56 23.57
PNG 澎湖氣象站 4 132.34 14.83 33.02 29.67 119.56 23.57
