120.26 22.592 0
120.26 22.584 0
120.27 22.569 0
120.29 22.555 0
120.29 22.546 0
120.31 22.541 0
120.32 22.524 0
120.33 22.513 0
120.35 22.501 0
120.36 22.492 0
120.37 22.482 0
120.39 22.475 0
120.38 22.491 0
120.39 22.493 0
120.4 22.482 0
120.4 22.484 0
120.41 22.485 0
120.42 22.471 0
120.43 22.466 0
120.43 22.474 0
120.44 22.484 0
120.45 22.493 0
120.45 22.485 0
120.45 22.47 0
120.44 22.465 0
120.43 22.459 0
120.43 22.449 0
120.43 22.443 0
120.44 22.44 0
120.45 22.441 0
120.47 22.437 0
120.46 22.434 0
120.45 22.433 0
120.45 22.431 0
120.45 22.427 0
120.47 22.418 0
120.48 22.41 0
120.49 22.405 0
120.5 22.401 0
120.52 22.401 0
120.54 22.391 0
120.56 22.383 0
120.59 22.356 0
120.59 22.349 0
120.59 22.336 0
120.6 22.327 0
120.61 22.326 0
120.62 22.313 0
120.63 22.296 0
120.64 22.273 0
120.65 22.247 0
120.65 22.236 0
120.67 22.219 0
120.68 22.202 0
120.68 22.185 0
120.68 22.17 0
120.68 22.15 0
120.69 22.14 0
120.7 22.122 0
120.7 22.102 0
120.7 22.089 0
120.69 22.072 0
120.7 22.062 0
120.69 22.04 0
120.69 22.03 0
120.68 22.009 0
120.69 21.998 0
120.7 21.985 0
120.7 21.959 0
120.7 21.937 0
120.71 21.928 0
120.72 21.916 0
120.73 21.918 0
120.74 21.934 0
120.76 21.949 0
120.77 21.942 0
120.78 21.94 0
120.8 21.936 0
120.81 21.929 0
120.82 21.918 0
120.83 21.908 0
120.83 21.903 0
120.83 21.897 0
120.84 21.893 0
120.84 21.896 0
120.85 21.891 0
120.85 21.894 0
120.86 21.905 0
120.85 21.909 0
120.86 21.92 0
120.85 21.928 0
120.84 21.939 0
120.83 21.949 0
120.83 21.959 0
120.83 21.969 0
120.84 21.978 0
120.84 21.988 0
120.85 21.985 0
120.86 21.993 0
120.86 21.997 0
120.87 22.003 0
120.88 22.014 0
120.88 22.018 0
120.88 22.04 0
120.88 22.059 0
120.88 22.076 0
120.89 22.1 0
120.88 22.108 0
120.88 22.119 0
120.88 22.135 0
120.89 22.153 0
120.89 22.167 0
120.88 22.177 0
120.89 22.191 0
120.89 22.205 0
120.88 22.215 0
120.89 22.227 0
120.9 22.24 0
120.89 22.248 0
120.88 22.264 0
120.88 22.278 0
120.89 22.299 0
120.89 22.316 0
120.89 22.34 0
120.9 22.368 0
120.91 22.385 0
120.92 22.406 0
120.93 22.425 0
120.93 22.443 0
120.94 22.474 0
120.96 22.523 0
120.97 22.556 0
120.98 22.567 0
120.99 22.59 0
121 22.608 0
121 22.625 0
121.01 22.646 0
121.02 22.663 0
121.04 22.675 0
121.05 22.68 0
121.07 22.697 0
121.09 22.708 0
121.11 22.723 0
121.13 22.739 0
121.15 22.754 0
121.16 22.757 0
121.17 22.773 0
121.18 22.793 0
121.17 22.809 0
121.17 22.818 0
121.18 22.849 0
121.19 22.859 0
121.21 22.872 0
121.23 22.886 0
121.25 22.908 0
121.27 22.947 0
121.28 22.951 0
121.29 22.966 0
121.3 22.994 0
121.31 23.02 0
121.32 23.039 0
121.33 23.054 0
121.33 23.07 0
121.34 23.091 0
121.36 23.098 0
121.37 23.11 0
121.39 23.125 0
121.39 23.155 0
121.39 23.177 0
121.39 23.193 0
121.39 23.204 0
121.4 23.233 0
121.4 23.244 0
121.4 23.272 0
121.41 23.294 0
121.44 23.317 0
121.45 23.338 0
121.46 23.364 0
121.47 23.392 0
121.47 23.416 0
121.48 23.431 0
121.48 23.45 0
121.48 23.466 0
121.49 23.487 0
121.49 23.499 0
121.49 23.522 0
121.49 23.544 0
121.49 23.569 0
121.51 23.586 0
121.52 23.603 0
121.52 23.617 0
121.52 23.624 0
121.52 23.652 0
121.53 23.662 0
121.53 23.666 0
121.53 23.676 0
121.54 23.688 0
121.54 23.711 0
121.54 23.724 0
121.54 23.737 0
121.55 23.744 0
121.56 23.764 0
121.56 23.785 0
121.56 23.803 0
121.57 23.822 0
121.58 23.843 0
121.59 23.858 0
121.59 23.877 0
121.59 23.903 0
121.59 23.929 0
121.59 23.94 0
121.6 23.947 0
121.61 23.976 0
121.62 23.988 0
121.63 24.005 0
121.64 24.017 0
121.63 24.029 0
121.63 24.043 0
121.62 24.058 0
121.61 24.071 0
121.62 24.089 0
121.63 24.107 0
121.64 24.123 0
121.65 24.133 0
121.64 24.14 0
121.63 24.147 0
121.64 24.148 0
121.65 24.149 0
121.65 24.157 0
121.65 24.169 0
121.66 24.185 0
121.67 24.199 0
121.68 24.213 0
121.69 24.223 0
121.7 24.233 0
121.71 24.245 0
121.73 24.257 0
121.74 24.271 0
121.75 24.283 0
121.75 24.297 0
121.76 24.306 0
121.76 24.328 0
121.77 24.347 0
121.77 24.379 0
121.78 24.397 0
121.78 24.41 0
121.79 24.434 0
121.8 24.442 0
121.81 24.459 0
121.82 24.468 0
121.83 24.476 0
121.84 24.482 0
121.84 24.489 0
121.84 24.5 0
121.83 24.511 0
121.83 24.517 0
121.84 24.525 0
121.85 24.535 0
121.86 24.542 0
121.86 24.549 0
121.86 24.56 0
121.86 24.572 0
121.86 24.587 0
121.86 24.594 0
121.85 24.597 0
121.85 24.602 0
121.85 24.605 0
121.86 24.609 0
121.87 24.612 0
121.86 24.619 0
121.86 24.619 0
121.85 24.623 0
121.84 24.63 0
121.83 24.646 0
121.83 24.663 0
121.82 24.675 0
121.82 24.691 0
121.82 24.712 0
121.82 24.713 0
121.81 24.707 0
121.8 24.715 0
121.8 24.711 0
121.79 24.712 0
121.78 24.72 0
121.79 24.722 0
121.8 24.721 0
121.81 24.722 0
121.81 24.725 0
121.81 24.734 0
121.81 24.745 0
121.81 24.759 0
121.81 24.778 0
121.81 24.798 0
121.81 24.809 0
121.81 24.829 0
121.81 24.843 0
121.82 24.858 0
121.82 24.869 0
121.83 24.884 0
121.84 24.892 0
121.86 24.91 0
121.87 24.92 0
121.88 24.933 0
121.88 24.939 0
121.89 24.942 0
121.89 24.944 0
121.9 24.951 0
121.91 24.962 0
121.93 24.971 0
121.94 24.98 0
121.95 24.99 0
121.97 24.994 0
121.97 24.999 0
121.98 25.002 0
121.98 25.008 0
121.98 25.02 0
121.97 25.02 0
121.96 25.026 0
121.93 25.032 0
121.92 25.034 0
121.92 25.046 0
121.92 25.056 0
121.91 25.07 0
121.9 25.08 0
121.9 25.091 0
121.91 25.099 0
121.91 25.113 0
121.91 25.122 0
121.9 25.127 0
121.88 25.127 0
121.87 25.127 0
121.85 25.13 0
121.84 25.132 0
121.83 25.132 0
121.81 25.127 0
121.81 25.135 0
121.81 25.14 0
121.81 25.138 0
121.8 25.143 0
121.79 25.142 0
121.77 25.149 0
121.76 25.155 0
121.75 25.154 0
121.75 25.15 0
121.74 25.148 0
121.73 25.147 0
121.72 25.157 0
121.71 25.161 0
121.69 25.181 0
121.69 25.187 0
121.68 25.194 0
121.68 25.201 0
121.68 25.212 0
121.68 25.215 0
121.67 25.212 0
121.67 25.207 0
121.66 25.208 0
121.66 25.211 0
121.65 25.219 0
121.64 25.226 0
121.64 25.231 0
121.63 25.233 0
121.63 25.239 0
121.63 25.243 0
121.63 25.251 0
121.62 25.259 0
121.62 25.268 0
121.61 25.274 0
121.6 25.279 0
121.58 25.287 0
121.57 25.292 0
121.56 25.295 0
121.55 25.297 0
121.54 25.291 0
121.53 25.293 0
121.53 25.297 0
121.53 25.301 0
121.52 25.303 0
121.51 25.298 0
121.51 25.293 0
121.5 25.29 0
121.5 25.287 0
121.49 25.286 0
121.49 25.276 0
121.48 25.274 0
121.47 25.271 0
121.46 25.265 0
121.45 25.254 0
121.43 25.243 0
121.42 25.225 0
121.41 25.218 0
121.4 25.206 0
121.4 25.196 0
121.4 25.187 0
121.39 25.176 0
121.38 25.163 0
121.37 25.154 0
121.35 25.144 0
121.34 25.136 0
121.32 25.13 0
121.3 25.126 0
121.27 25.123 0
121.26 25.121 0
121.24 25.119 0
121.22 25.114 0
121.19 25.111 0
121.18 25.103 0
121.17 25.093 0
121.15 25.083 0
121.13 25.079 0
121.12 25.078 0
121.1 25.071 0
121.08 25.064 0
121.06 25.048 0
121.04 25.036 0
121.02 25.024 0
121.01 25.012 0
121 24.99 0
120.99 24.977 0
120.98 24.962 0
120.97 24.944 0
120.96 24.94 0
120.95 24.929 0
120.96 24.919 0
120.96 24.914 0
120.95 24.908 0
120.94 24.895 0
120.93 24.886 0
120.93 24.874 0
120.94 24.864 0
120.93 24.858 0
120.93 24.854 0
120.92 24.855 0
120.91 24.851 0
120.9 24.841 0
120.9 24.827 0
120.89 24.815 0
120.9 24.806 0
120.89 24.794 0
120.89 24.788 0
120.89 24.771 0
120.89 24.759 0
120.88 24.749 0
120.87 24.743 0
120.87 24.738 0
120.85 24.732 0
120.85 24.723 0
120.85 24.709 0
120.84 24.71 0
120.84 24.701 0
120.83 24.691 0
120.82 24.686 0
120.82 24.68 0
120.83 24.677 0
120.83 24.671 0
120.82 24.67 0
120.82 24.668 0
120.81 24.672 0
120.8 24.675 0
120.8 24.675 0
120.78 24.666 0
120.76 24.659 0
120.75 24.655 0
120.74 24.64 0
120.74 24.631 0
120.75 24.63 0
120.75 24.626 0
120.75 24.62 0
120.75 24.615 0
120.74 24.615 0
120.73 24.61 0
120.72 24.61 0
120.71 24.605 0
120.7 24.597 0
120.69 24.587 0
120.69 24.569 0
120.68 24.554 0
120.68 24.537 0
120.67 24.524 0
120.67 24.513 0
120.66 24.501 0
120.65 24.49 0
120.64 24.477 0
120.63 24.466 0
120.62 24.453 0
120.61 24.445 0
120.6 24.435 0
120.6 24.423 0
120.59 24.403 0
120.59 24.403 0
120.57 24.39 0
120.56 24.373 0
120.55 24.361 0
120.55 24.347 0
120.55 24.332 0
120.54 24.316 0
120.52 24.301 0
120.52 24.294 0
120.51 24.289 0
120.51 24.265 0
120.49 24.24 0
120.48 24.219 0
120.48 24.209 0
120.48 24.201 0
120.47 24.192 0
120.46 24.179 0
120.44 24.159 0
120.43 24.145 0
120.42 24.138 0
120.42 24.127 0
120.42 24.113 0
120.41 24.1 0
120.4 24.091 0
120.39 24.08 0
120.38 24.062 0
120.37 24.054 0
120.36 24.044 0
120.35 24.034 0
120.34 24.016 0
120.33 23.995 0
120.32 23.978 0
120.31 23.955 0
120.3 23.931 0
120.29 23.919 0
120.28 23.903 0
120.27 23.893 0
120.26 23.873 0
120.25 23.865 0
120.25 23.852 0
120.25 23.84 0
120.25 23.832 0
120.24 23.83 0
120.23 23.824 0
120.22 23.816 0
120.22 23.804 0
120.21 23.795 0
120.2 23.782 0
120.19 23.769 0
120.17 23.754 0
120.18 23.753 0
120.17 23.743 0
120.17 23.729 0
120.17 23.72 0
120.17 23.711 0
120.17 23.701 0
120.18 23.692 0
120.18 23.688 0
120.17 23.691 0
120.15 23.692 0
120.15 23.692 0
120.14 23.672 0
120.14 23.654 0
120.13 23.641 0
120.12 23.628 0
120.11 23.604 0
120.11 23.593 0
120.11 23.583 0
120.12 23.574 0
120.12 23.564 0
120.12 23.552 0
120.12 23.547 0
120.13 23.546 0
120.14 23.544 0
120.14 23.538 0
120.13 23.536 0
120.13 23.534 0
120.13 23.525 0
120.14 23.522 0
120.15 23.523 0
120.15 23.52 0
120.15 23.516 0
120.15 23.511 0
120.14 23.512 0
120.13 23.511 0
120.13 23.506 0
120.13 23.501 0
120.14 23.494 0
120.14 23.487 0
120.14 23.477 0
120.13 23.47 0
120.13 23.461 0
120.13 23.455 0
120.13 23.452 0
120.13 23.444 0
120.13 23.441 0
120.13 23.436 0
120.13 23.429 0
120.13 23.424 0
120.13 23.422 0
120.13 23.41 0
120.13 23.407 0
120.13 23.397 0
120.14 23.387 0
120.14 23.379 0
120.13 23.371 0
120.13 23.37 0
120.12 23.381 0
120.12 23.392 0
120.12 23.39 0
120.12 23.378 0
120.12 23.367 0
120.12 23.357 0
120.11 23.346 0
120.12 23.34 0
120.12 23.331 0
120.12 23.325 0
120.13 23.32 0
120.13 23.316 0
120.13 23.315 0
120.12 23.314 0
120.11 23.314 0
120.1 23.305 0
120.1 23.298 0
120.1 23.293 0
120.11 23.29 0
120.11 23.287 0
120.1 23.277 0
120.1 23.268 0
120.09 23.26 0
120.09 23.256 0
120.08 23.248 0
120.08 23.241 0
120.08 23.232 0
120.08 23.231 0
120.08 23.223 0
120.09 23.224 0
120.09 23.225 0
120.1 23.224 0
120.12 23.226 0
120.12 23.221 0
120.11 23.216 0
120.1 23.215 0
120.08 23.214 0
120.08 23.207 0
120.08 23.2 0
120.07 23.191 0
120.08 23.18 0
120.07 23.172 0
120.06 23.162 0
120.06 23.157 0
120.06 23.148 0
120.06 23.14 0
120.06 23.131 0
120.07 23.122 0
120.07 23.113 0
120.06 23.113 0
120.06 23.102 0
120.05 23.086 0
120.05 23.068 0
120.05 23.058 0
120.06 23.059 0
120.06 23.064 0
120.07 23.066 0
120.07 23.058 0
120.07 23.055 0
120.06 23.054 0
120.06 23.054 0
120.05 23.05 0
120.05 23.042 0
120.04 23.036 0
120.05 23.035 0
120.06 23.033 0
120.06 23.031 0
120.06 23.026 0
120.07 23.023 0
120.07 23.02 0
120.08 23.012 0
120.08 23.009 0
120.09 23.008 0
120.09 23.009 0
120.09 23.015 0
120.09 23.019 0
120.08 23.025 0
120.08 23.028 0
120.08 23.033 0
120.08 23.032 0
120.09 23.03 0
120.09 23.031 0
120.1 23.031 0
120.1 23.031 0
120.11 23.037 0
120.11 23.041 0
120.11 23.048 0
120.11 23.055 0
120.12 23.057 0
120.12 23.058 0
120.13 23.056 0
120.13 23.052 0
120.12 23.045 0
120.12 23.044 0
120.12 23.041 0
120.12 23.035 0
120.11 23.031 0
120.11 23.024 0
120.1 23.02 0
120.11 23.015 0
120.11 23.011 0
120.11 23.004 0
120.11 22.996 0
120.11 22.992 0
120.12 22.989 0
120.12 22.982 0
120.13 22.976 0
120.14 22.971 0
120.14 22.966 0
120.15 22.958 0
120.15 22.947 0
120.15 22.939 0
120.16 22.93 0
120.16 22.917 0
120.16 22.905 0
120.16 22.89 0
120.17 22.879 0
120.17 22.873 0
120.17 22.861 0
120.18 22.849 0
120.18 22.85 0
120.18 22.857 0
120.18 22.864 0
120.18 22.866 0
120.19 22.865 0
120.19 22.861 0
120.19 22.858 0
120.19 22.851 0
120.2 22.845 0
120.2 22.844 0
120.2 22.838 0
120.2 22.836 0
120.19 22.834 0
120.19 22.829 0
120.19 22.821 0
120.19 22.808 0
120.2 22.794 0
120.2 22.786 0
120.21 22.775 0
120.21 22.766 0
120.22 22.755 0
120.23 22.741 0
120.23 22.727 0
120.23 22.717 0
120.24 22.705 0
120.25 22.707 0
120.25 22.701 0
120.25 22.694 0
120.25 22.688 0
120.25 22.68 0
120.25 22.673 0
120.25 22.675 0
120.24 22.676 0
120.24 22.665 0
120.24 22.661 0
120.24 22.651 0
120.24 22.641 0
120.24 22.631 0
120.24 22.618 0
120.25 22.617 0
120.26 22.612 0
120.27 22.605 0
120.28 22.594 0
120.29 22.586 0
120.29 22.577 0
120.3 22.57 0
120.3 22.563 0
120.31 22.556 0
120.32 22.549 0
120.32 22.542 0
120.32 22.539 0
120.31 22.543 0
120.3 22.551 0
120.29 22.562 0
120.28 22.573 0
120.28 22.583 0
120.27 22.586 0
120.26 22.592 0
