1 44
2 61
3 152
4 118
5 35
6 31
7 34
8 27
9 39
10 54
11 97
12 122
15 56
16 42
17 56
18 49
19 50
20 46
21 64
22 77
23 43
24 37
25 37
26 45
27 41
28 31
29 47
30 61
31 56
32 48
33 84
34 97
35 104
36 49
37 44
38 104
39 150
40 104
41 44
42 43
43 51
44 43
45 45
46 41
47 46
48 82
49 104
50 95
51 74
52 69
53 68
54 44
55 33
56 28
57 59
58 69
59 129
60 44
61 43
62 40
63 66
64 85
65 68
66 56
67 41
68 63
69 55
70 45
71 42
72 26
73 28
74 39
75 42
76 55
77 36
78 35
79 57
80 62
81 43
82 35
83 50
84 47
85 39
86 41
87 34
88 73
89 94
90 96
91 86
92 62
93 45
94 54
95 54
96 57
97 53
98 49
99 54
100 63
101 58
102 60
103 52
104 53
105 53
106 57
107 74
108 52
109 51
110 43
111 52
112 34
113 23
114 20
115 28
116 18
117 26
118 38
119 74
120 47
121 31
122 31
123 38
124 61
125 40
126 39
127 30
128 25
129 38
130 31
131 35
132 54
133 39
134 47
135 38
136 44
137 49
138 40
139 39
140 40
141 31
142 23
143 29
144 41
145 43
146 54
147 35
148 36
149 146
150 154
151 46
152 49
153 32
154 25
155 30
157 100
158 71
159 50
160 77
161 64
162 43
163 66
164 80
165 62
166 53
167 43
168 70
169 74
170 58
171 76
172 49
173 56
174 63
175 56
176 38
177 53
178 64
179 67
180 81
181 90
182 77
183 61
184 45
185 42
186 44
187 59
188 108
189 49
190 90
191 46
192 78
193 87
194 129
195 100
196 82
197 104
198 67
199 40
200 64
201 156
202 134
203 112
204 87
205 64
206 49
207 81
208 55
209 51
210 83
211 67
212 76
213 112
214 112
215 100
216 104
217 72
218 84
219 83
220 102
221 110
222 118
223 55
224 41
226 59
227 95
228 90
229 129
230 112
231 58
232 48
233 42
234 53
235 88
236 58
237 44
238 63
239 93
240 107
241 110
242 69
243 67
244 44
245 100
246 32
247 36
248 35
249 89
250 110
251 121
252 120
253 37
254 76
255 80
256 57
257 59
258 115
259 60
260 40
261 35
262 69
263 98
266 129
267 138
268 104
269 67
270 96
271 63
272 43
273 61
274 40
275 55
276 75
277 61
279 104
280 53
281 104
282 30
284 31
285 34
286 33
287 30
288 37
289 51
290 44
291 54
292 38
293 65
294 49
295 39
296 85
297 86
298 43
299 36
300 31
301 61
302 46
303 58
304 58
305 36
306 32
307 30
308 28
309 60
310 46
311 35
312 58
314 38
315 33
316 37
317 40
318 60
319 114
320 111
321 104
322 46
323 45
324 42
325 41
326 28
327 48
328 40
329 43
330 41
331 32
332 36
333 59
334 43
335 43
336 76
337 34
338 49
339 74
340 53
341 29
342 33
343 30
344 29
345 123
346 37
347 33
348 30
349 40
350 35
351 56
358 39
359 37
360 30
361 37
362 33
363 53
364 47
