   1.0000000e+00   4.4000000e+01   4.4000000e+01   4.4000000e+01
   2.0000000e+00   6.1000000e+01   5.2500000e+01   5.2500000e+01
   3.0000000e+00   1.5200000e+02   8.5666667e+01   8.5666667e+01
   4.0000000e+00   1.1800000e+02   9.3750000e+01   9.3750000e+01
   5.0000000e+00   3.5000000e+01   8.2000000e+01   8.2000000e+01
   6.0000000e+00   3.1000000e+01   7.3500000e+01   7.3500000e+01
   7.0000000e+00   3.4000000e+01   7.1833333e+01   6.7857143e+01
   8.0000000e+00   2.7000000e+01   6.6166667e+01   6.2750000e+01
   9.0000000e+00   3.9000000e+01   4.7333333e+01   6.0111111e+01
   1.0000000e+01   5.4000000e+01   3.6666667e+01   5.9500000e+01
   1.1000000e+01   9.7000000e+01   4.7000000e+01   6.2909091e+01
   1.2000000e+01   1.2200000e+02   6.2166667e+01   6.7833333e+01
   1.5000000e+01   5.6000000e+01   6.5833333e+01   6.6923077e+01
   1.6000000e+01   4.2000000e+01   6.8333333e+01   6.5142857e+01
   1.7000000e+01   5.6000000e+01   7.1166667e+01   6.4533333e+01
   1.8000000e+01   4.9000000e+01   7.0333333e+01   6.3562500e+01
   1.9000000e+01   5.0000000e+01   6.2500000e+01   6.2764706e+01
   2.0000000e+01   4.6000000e+01   4.9833333e+01   6.1833333e+01
   2.1000000e+01   6.4000000e+01   5.1166667e+01   6.1947368e+01
   2.2000000e+01   7.7000000e+01   5.7000000e+01   6.2700000e+01
   2.3000000e+01   4.3000000e+01   5.4833333e+01   6.1761905e+01
   2.4000000e+01   3.7000000e+01   5.2833333e+01   6.0636364e+01
   2.5000000e+01   3.7000000e+01   5.0666667e+01   5.9608696e+01
   2.6000000e+01   4.5000000e+01   5.0500000e+01   5.9000000e+01
   2.7000000e+01   4.1000000e+01   4.6666667e+01   5.8280000e+01
   2.8000000e+01   3.1000000e+01   3.9000000e+01   5.7230769e+01
   2.9000000e+01   4.7000000e+01   3.9666667e+01   5.6851852e+01
   3.0000000e+01   6.1000000e+01   4.3666667e+01   5.7000000e+01
   3.1000000e+01   5.6000000e+01   4.6833333e+01   5.6965517e+01
   3.2000000e+01   4.8000000e+01   4.7333333e+01   5.6666667e+01
   3.3000000e+01   8.4000000e+01   5.4500000e+01   5.7548387e+01
   3.4000000e+01   9.7000000e+01   6.5500000e+01   5.9258065e+01
   3.5000000e+01   1.0400000e+02   7.5000000e+01   6.0645161e+01
   3.6000000e+01   4.9000000e+01   7.3000000e+01   5.7322581e+01
   3.7000000e+01   4.4000000e+01   7.1000000e+01   5.4935484e+01
   3.8000000e+01   1.0400000e+02   8.0333333e+01   5.7161290e+01
   3.9000000e+01   1.5000000e+02   9.1333333e+01   6.1000000e+01
   4.0000000e+01   1.0400000e+02   9.2500000e+01   6.3258065e+01
   4.1000000e+01   4.4000000e+01   8.2500000e+01   6.3806452e+01
   4.2000000e+01   4.3000000e+01   8.1500000e+01   6.3935484e+01
   4.3000000e+01   5.1000000e+01   8.2666667e+01   6.3838710e+01
   4.4000000e+01   4.3000000e+01   7.2500000e+01   6.2096774e+01
   4.5000000e+01   4.5000000e+01   5.5000000e+01   5.9612903e+01
   4.6000000e+01   4.1000000e+01   4.4500000e+01   5.9129032e+01
   4.7000000e+01   4.6000000e+01   4.4833333e+01   5.9258065e+01
   4.8000000e+01   8.2000000e+01   5.1333333e+01   6.0096774e+01
   4.9000000e+01   1.0400000e+02   6.0166667e+01   6.1870968e+01
   5.0000000e+01   9.5000000e+01   6.8833333e+01   6.3322581e+01
   5.1000000e+01   7.4000000e+01   7.3666667e+01   6.4225806e+01
   5.2000000e+01   6.9000000e+01   7.8333333e+01   6.4387097e+01
   5.3000000e+01   6.8000000e+01   8.2000000e+01   6.4096774e+01
   5.4000000e+01   4.4000000e+01   7.5666667e+01   6.4129032e+01
   5.5000000e+01   3.3000000e+01   6.3833333e+01   6.4000000e+01
   5.6000000e+01   2.8000000e+01   5.2666667e+01   6.3709677e+01
   5.7000000e+01   5.9000000e+01   5.0166667e+01   6.4161290e+01
   5.8000000e+01   6.9000000e+01   5.0166667e+01   6.5064516e+01
   5.9000000e+01   1.2900000e+02   6.0333333e+01   6.8225806e+01
   6.0000000e+01   4.4000000e+01   6.0333333e+01   6.8129032e+01
   6.1000000e+01   4.3000000e+01   6.2000000e+01   6.7548387e+01
   6.2000000e+01   4.0000000e+01   6.4000000e+01   6.7032258e+01
   6.3000000e+01   6.6000000e+01   6.5166667e+01   6.7612903e+01
   6.4000000e+01   8.5000000e+01   6.7833333e+01   6.7645161e+01
   6.5000000e+01   6.8000000e+01   5.7666667e+01   6.6709677e+01
   6.6000000e+01   5.6000000e+01   5.9666667e+01   6.5161290e+01
   6.7000000e+01   4.1000000e+01   5.9333333e+01   6.4903226e+01
   6.8000000e+01   6.3000000e+01   6.3166667e+01   6.5516129e+01
   6.9000000e+01   5.5000000e+01   6.1333333e+01   6.3935484e+01
   7.0000000e+01   4.5000000e+01   5.4666667e+01   6.0548387e+01
   7.1000000e+01   4.2000000e+01   5.0333333e+01   5.8548387e+01
   7.2000000e+01   2.6000000e+01   4.5333333e+01   5.7967742e+01
   7.3000000e+01   2.8000000e+01   4.3166667e+01   5.7483871e+01
   7.4000000e+01   3.9000000e+01   3.9166667e+01   5.7096774e+01
   7.5000000e+01   4.2000000e+01   3.7000000e+01   5.7064516e+01
   7.6000000e+01   5.5000000e+01   3.8666667e+01   5.7387097e+01
   7.7000000e+01   3.6000000e+01   3.7666667e+01   5.7225806e+01
   7.8000000e+01   3.5000000e+01   3.9166667e+01   5.6870968e+01
   7.9000000e+01   5.7000000e+01   4.4000000e+01   5.6064516e+01
   8.0000000e+01   6.2000000e+01   4.7833333e+01   5.4709677e+01
   8.1000000e+01   4.3000000e+01   4.8000000e+01   5.3032258e+01
   8.2000000e+01   3.5000000e+01   4.4666667e+01   5.1774194e+01
   8.3000000e+01   5.0000000e+01   4.7000000e+01   5.1161290e+01
   8.4000000e+01   4.7000000e+01   4.9000000e+01   5.0483871e+01
   8.5000000e+01   3.9000000e+01   4.6000000e+01   5.0322581e+01
   8.6000000e+01   4.1000000e+01   4.2500000e+01   5.0580645e+01
   8.7000000e+01   3.4000000e+01   4.1000000e+01   5.0774194e+01
   8.8000000e+01   7.3000000e+01   4.7333333e+01   5.1225806e+01
   8.9000000e+01   9.4000000e+01   5.4666667e+01   5.2032258e+01
   9.0000000e+01   9.6000000e+01   6.2833333e+01   5.0967742e+01
   9.1000000e+01   8.6000000e+01   7.0666667e+01   5.2322581e+01
   9.2000000e+01   6.2000000e+01   7.4166667e+01   5.2935484e+01
   9.3000000e+01   4.5000000e+01   7.6000000e+01   5.3096774e+01
   9.4000000e+01   5.4000000e+01   7.2833333e+01   5.2709677e+01
   9.5000000e+01   5.4000000e+01   6.6166667e+01   5.1709677e+01
   9.6000000e+01   5.7000000e+01   5.9666667e+01   5.1354839e+01
   9.7000000e+01   5.3000000e+01   5.4166667e+01   5.1258065e+01
   9.8000000e+01   4.9000000e+01   5.2000000e+01   5.1516129e+01
   9.9000000e+01   5.4000000e+01   5.3500000e+01   5.1225806e+01
   1.0000000e+02   6.3000000e+01   5.5000000e+01   5.1483871e+01
   1.0100000e+02   5.8000000e+01   5.5666667e+01   5.1903226e+01
   1.0200000e+02   6.0000000e+01   5.6166667e+01   5.2483871e+01
   1.0300000e+02   5.2000000e+01   5.6000000e+01   5.3322581e+01
   1.0400000e+02   5.3000000e+01   5.6666667e+01   5.4129032e+01
   1.0500000e+02   5.3000000e+01   5.6500000e+01   5.4580645e+01
   1.0600000e+02   5.7000000e+01   5.5500000e+01   5.5064516e+01
   1.0700000e+02   7.4000000e+01   5.8166667e+01   5.5677419e+01
   1.0800000e+02   5.2000000e+01   5.6833333e+01   5.6193548e+01
   1.0900000e+02   5.1000000e+01   5.6666667e+01   5.6709677e+01
   1.1000000e+02   4.3000000e+01   5.5000000e+01   5.6258065e+01
   1.1100000e+02   5.2000000e+01   5.4833333e+01   5.5935484e+01
   1.1200000e+02   3.4000000e+01   5.1000000e+01   5.5645161e+01
   1.1300000e+02   2.3000000e+01   4.2500000e+01   5.5258065e+01
   1.1400000e+02   2.0000000e+01   3.7166667e+01   5.4290323e+01
   1.1500000e+02   2.8000000e+01   3.3333333e+01   5.3677419e+01
   1.1600000e+02   1.8000000e+01   2.9166667e+01   5.3000000e+01
   1.1700000e+02   2.6000000e+01   2.4833333e+01   5.2516129e+01
   1.1800000e+02   3.8000000e+01   2.5500000e+01   5.2645161e+01
   1.1900000e+02   7.4000000e+01   3.4000000e+01   5.2677419e+01
   1.2000000e+02   4.7000000e+01   3.8500000e+01   5.1161290e+01
   1.2100000e+02   3.1000000e+01   3.9000000e+01   4.9064516e+01
   1.2200000e+02   3.1000000e+01   4.1166667e+01   4.7290323e+01
   1.2300000e+02   3.8000000e+01   4.3166667e+01   4.6516129e+01
   1.2400000e+02   6.1000000e+01   4.7000000e+01   4.7032258e+01
   1.2500000e+02   4.0000000e+01   4.1333333e+01   4.6580645e+01
   1.2600000e+02   3.9000000e+01   4.0000000e+01   4.6096774e+01
   1.2700000e+02   3.0000000e+01   3.9833333e+01   4.5225806e+01
   1.2800000e+02   2.5000000e+01   3.8833333e+01   4.4322581e+01
   1.2900000e+02   3.8000000e+01   3.8833333e+01   4.3967742e+01
   1.3000000e+02   3.1000000e+01   3.3833333e+01   4.3225806e+01
   1.3100000e+02   3.5000000e+01   3.3000000e+01   4.2322581e+01
   1.3200000e+02   5.4000000e+01   3.5500000e+01   4.2193548e+01
   1.3300000e+02   3.9000000e+01   3.7000000e+01   4.1516129e+01
   1.3400000e+02   4.7000000e+01   4.0666667e+01   4.1354839e+01
   1.3500000e+02   3.8000000e+01   4.0666667e+01   4.0870968e+01
   1.3600000e+02   4.4000000e+01   4.2833333e+01   4.0580645e+01
   1.3700000e+02   4.9000000e+01   4.5166667e+01   4.0322581e+01
   1.3800000e+02   4.0000000e+01   4.2833333e+01   3.9225806e+01
   1.3900000e+02   3.9000000e+01   4.2833333e+01   3.8806452e+01
   1.4000000e+02   4.0000000e+01   4.1666667e+01   3.8451613e+01
   1.4100000e+02   3.1000000e+01   4.0500000e+01   3.8064516e+01
   1.4200000e+02   2.3000000e+01   3.7000000e+01   3.7129032e+01
   1.4300000e+02   2.9000000e+01   3.3666667e+01   3.6967742e+01
   1.4400000e+02   4.1000000e+01   3.3833333e+01   3.7548387e+01
   1.4500000e+02   4.3000000e+01   3.4500000e+01   3.8290323e+01
   1.4600000e+02   5.4000000e+01   3.6833333e+01   3.9129032e+01
   1.4700000e+02   3.5000000e+01   3.7500000e+01   3.9677419e+01
   1.4800000e+02   3.6000000e+01   3.9666667e+01   4.0000000e+01
   1.4900000e+02   1.4600000e+02   5.9166667e+01   4.3483871e+01
   1.5000000e+02   1.5400000e+02   7.8000000e+01   4.6064516e+01
   1.5100000e+02   4.6000000e+01   7.8500000e+01   4.6032258e+01
   1.5200000e+02   4.9000000e+01   7.7666667e+01   4.6612903e+01
   1.5300000e+02   3.2000000e+01   7.7166667e+01   4.6645161e+01
   1.5400000e+02   2.5000000e+01   7.5333333e+01   4.6225806e+01
   1.5500000e+02   3.0000000e+01   5.6000000e+01   4.5225806e+01
   1.5700000e+02   1.0000000e+02   4.7000000e+01   4.7161290e+01
   1.5800000e+02   7.1000000e+01   5.1166667e+01   4.8193548e+01
   1.5900000e+02   5.0000000e+01   5.1333333e+01   4.8838710e+01
   1.6000000e+02   7.7000000e+01   5.8833333e+01   5.0516129e+01
   1.6100000e+02   6.4000000e+01   6.5333333e+01   5.1354839e+01
   1.6200000e+02   4.3000000e+01   6.7500000e+01   5.1741935e+01
   1.6300000e+02   6.6000000e+01   6.1833333e+01   5.2741935e+01
   1.6400000e+02   8.0000000e+01   6.3333333e+01   5.3580645e+01
   1.6500000e+02   6.2000000e+01   6.5333333e+01   5.4322581e+01
   1.6600000e+02   5.3000000e+01   6.1333333e+01   5.4516129e+01
   1.6700000e+02   4.3000000e+01   5.7833333e+01   5.4677419e+01
   1.6800000e+02   7.0000000e+01   6.2333333e+01   5.5516129e+01
   1.6900000e+02   7.4000000e+01   6.3666667e+01   5.6322581e+01
   1.7000000e+02   5.8000000e+01   6.0000000e+01   5.6903226e+01
   1.7100000e+02   7.6000000e+01   6.2333333e+01   5.8096774e+01
   1.7200000e+02   4.9000000e+01   6.1666667e+01   5.8387097e+01
   1.7300000e+02   5.6000000e+01   6.3833333e+01   5.9193548e+01
   1.7400000e+02   6.3000000e+01   6.2666667e+01   6.0483871e+01
   1.7500000e+02   5.6000000e+01   5.9666667e+01   6.1354839e+01
   1.7600000e+02   3.8000000e+01   5.6333333e+01   6.1258065e+01
   1.7700000e+02   5.3000000e+01   5.2500000e+01   6.1580645e+01
   1.7800000e+02   6.4000000e+01   5.5000000e+01   6.1903226e+01
   1.7900000e+02   6.7000000e+01   5.6833333e+01   6.2935484e+01
   1.8000000e+02   8.1000000e+01   5.9833333e+01   6.4387097e+01
   1.8100000e+02   9.0000000e+01   6.5500000e+01   6.2580645e+01
   1.8200000e+02   7.7000000e+01   7.2000000e+01   6.0096774e+01
   1.8300000e+02   6.1000000e+01   7.3333333e+01   6.0580645e+01
   1.8400000e+02   4.5000000e+01   7.0166667e+01   6.0451613e+01
   1.8500000e+02   4.2000000e+01   6.6000000e+01   6.0774194e+01
   1.8600000e+02   4.4000000e+01   5.9833333e+01   6.1387097e+01
   1.8700000e+02   5.9000000e+01   5.4666667e+01   6.2322581e+01
   1.8800000e+02   1.0800000e+02   5.9833333e+01   6.2580645e+01
   1.8900000e+02   4.9000000e+01   5.7833333e+01   6.1870968e+01
   1.9000000e+02   9.0000000e+01   6.5333333e+01   6.3161290e+01
   1.9100000e+02   4.6000000e+01   6.6000000e+01   6.2161290e+01
   1.9200000e+02   7.8000000e+01   7.1666667e+01   6.2612903e+01
   1.9300000e+02   8.7000000e+01   7.6333333e+01   6.4032258e+01
   1.9400000e+02   1.2900000e+02   7.9833333e+01   6.6064516e+01
   1.9500000e+02   1.0000000e+02   8.8333333e+01   6.6709677e+01
   1.9600000e+02   8.2000000e+01   8.7000000e+01   6.7354839e+01
   1.9700000e+02   1.0400000e+02   9.6666667e+01   6.9000000e+01
   1.9800000e+02   6.7000000e+01   9.4833333e+01   6.9774194e+01
   1.9900000e+02   4.0000000e+01   8.7000000e+01   6.8806452e+01
   2.0000000e+02   6.4000000e+01   7.6166667e+01   6.8483871e+01
   2.0100000e+02   1.5600000e+02   8.5500000e+01   7.1645161e+01
   2.0200000e+02   1.3400000e+02   9.4166667e+01   7.3516129e+01
   2.0300000e+02   1.1200000e+02   9.5500000e+01   7.5548387e+01
   2.0400000e+02   8.7000000e+01   9.8833333e+01   7.6548387e+01
   2.0500000e+02   6.4000000e+01   1.0283333e+02   7.6580645e+01
   2.0600000e+02   4.9000000e+01   1.0033333e+02   7.6354839e+01
   2.0700000e+02   8.1000000e+01   8.7833333e+01   7.7741935e+01
   2.0800000e+02   5.5000000e+01   7.4666667e+01   7.7806452e+01
   2.0900000e+02   5.1000000e+01   6.4500000e+01   7.7387097e+01
   2.1000000e+02   8.3000000e+01   6.3833333e+01   7.7903226e+01
   2.1100000e+02   6.7000000e+01   6.4333333e+01   7.7451613e+01
   2.1200000e+02   7.6000000e+01   6.8833333e+01   7.7000000e+01
   2.1300000e+02   1.1200000e+02   7.4000000e+01   7.8129032e+01
   2.1400000e+02   1.1200000e+02   8.3500000e+01   7.9774194e+01
   2.1500000e+02   1.0000000e+02   9.1666667e+01   8.1548387e+01
   2.1600000e+02   1.0400000e+02   9.5166667e+01   8.3548387e+01
   2.1700000e+02   7.2000000e+01   9.6000000e+01   8.4451613e+01
   2.1800000e+02   8.4000000e+01   9.7333333e+01   8.5258065e+01
   2.1900000e+02   8.3000000e+01   9.2500000e+01   8.4451613e+01
   2.2000000e+02   1.0200000e+02   9.0833333e+01   8.6161290e+01
   2.2100000e+02   1.1000000e+02   9.2500000e+01   8.6806452e+01
   2.2200000e+02   1.1800000e+02   9.4833333e+01   8.9129032e+01
   2.2300000e+02   5.5000000e+01   9.2000000e+01   8.8387097e+01
   2.2400000e+02   4.1000000e+01   8.4833333e+01   8.6903226e+01
   2.2600000e+02   5.9000000e+01   8.0833333e+01   8.4645161e+01
   2.2700000e+02   9.5000000e+01   7.9666667e+01   8.4483871e+01
   2.2800000e+02   9.0000000e+01   7.6333333e+01   8.4741935e+01
   2.2900000e+02   1.2900000e+02   7.8166667e+01   8.5548387e+01
   2.3000000e+02   1.1200000e+02   8.7666667e+01   8.7000000e+01
   2.3100000e+02   5.8000000e+01   9.0500000e+01   8.7580645e+01
   2.3200000e+02   4.8000000e+01   8.8666667e+01   8.7064516e+01
   2.3300000e+02   4.2000000e+01   7.9833333e+01   8.3387097e+01
   2.3400000e+02   5.3000000e+01   7.3666667e+01   8.0774194e+01
   2.3500000e+02   8.8000000e+01   6.6833333e+01   8.0000000e+01
   2.3600000e+02   5.8000000e+01   5.7833333e+01   7.9064516e+01
   2.3700000e+02   4.4000000e+01   5.5500000e+01   7.8419355e+01
   2.3800000e+02   6.3000000e+01   5.8000000e+01   7.8870968e+01
   2.3900000e+02   9.3000000e+01   6.6500000e+01   7.9258065e+01
   2.4000000e+02   1.0700000e+02   7.5500000e+01   8.0935484e+01
   2.4100000e+02   1.1000000e+02   7.9166667e+01   8.2838710e+01
   2.4200000e+02   6.9000000e+01   8.1000000e+01   8.2387097e+01
   2.4300000e+02   6.7000000e+01   8.4833333e+01   8.2387097e+01
   2.4400000e+02   4.4000000e+01   8.1666667e+01   8.1354839e+01
   2.4500000e+02   1.0000000e+02   8.2833333e+01   8.0967742e+01
   2.4600000e+02   3.2000000e+01   7.0333333e+01   7.8387097e+01
   2.4700000e+02   3.6000000e+01   5.8000000e+01   7.6322581e+01
   2.4800000e+02   3.5000000e+01   5.2333333e+01   7.4096774e+01
   2.4900000e+02   8.9000000e+01   5.6000000e+01   7.4645161e+01
   2.5000000e+02   1.1000000e+02   6.7000000e+01   7.5483871e+01
   2.5100000e+02   1.2100000e+02   7.0500000e+01   7.6709677e+01
   2.5200000e+02   1.2000000e+02   8.5166667e+01   7.7290323e+01
   2.5300000e+02   3.7000000e+01   8.5333333e+01   7.4935484e+01
   2.5400000e+02   7.6000000e+01   9.2166667e+01   7.3580645e+01
   2.5500000e+02   8.0000000e+01   9.0666667e+01   7.4387097e+01
   2.5600000e+02   5.7000000e+01   8.1833333e+01   7.4903226e+01
   2.5700000e+02   5.9000000e+01   7.1500000e+01   7.4903226e+01
   2.5800000e+02   1.1500000e+02   7.0666667e+01   7.5548387e+01
   2.5900000e+02   6.0000000e+01   7.4500000e+01   7.4580645e+01
   2.6000000e+02   4.0000000e+01   6.8500000e+01   7.1709677e+01
   2.6100000e+02   3.5000000e+01   6.1000000e+01   6.9225806e+01
   2.6200000e+02   6.9000000e+01   6.3000000e+01   6.9580645e+01
   2.6300000e+02   9.8000000e+01   6.9500000e+01   7.1193548e+01
   2.6600000e+02   1.2900000e+02   7.1833333e+01   7.4000000e+01
   2.6700000e+02   1.3800000e+02   8.4833333e+01   7.6741935e+01
   2.6800000e+02   1.0400000e+02   9.5500000e+01   7.7258065e+01
   2.6900000e+02   6.7000000e+01   1.0083333e+02   7.7548387e+01
   2.7000000e+02   9.6000000e+01   1.0533333e+02   7.9225806e+01
   2.7100000e+02   6.3000000e+01   9.9500000e+01   7.9225806e+01
   2.7200000e+02   4.3000000e+01   8.5166667e+01   7.7612903e+01
   2.7300000e+02   6.1000000e+01   7.2333333e+01   7.6129032e+01
   2.7400000e+02   4.0000000e+01   6.1666667e+01   7.3870968e+01
   2.7500000e+02   5.5000000e+01   5.9666667e+01   7.3419355e+01
   2.7600000e+02   7.5000000e+01   5.6166667e+01   7.3677419e+01
   2.7700000e+02   6.1000000e+01   5.5833333e+01   7.4225806e+01
   2.7900000e+02   1.0400000e+02   6.6000000e+01   7.4354839e+01
   2.8000000e+02   5.3000000e+01   6.4666667e+01   7.5032258e+01
   2.8100000e+02   1.0400000e+02   7.5333333e+01   7.7225806e+01
   2.8200000e+02   3.0000000e+01   7.1166667e+01   7.7064516e+01
   2.8400000e+02   3.1000000e+01   6.3833333e+01   7.5193548e+01
   2.8500000e+02   3.4000000e+01   5.9333333e+01   7.2741935e+01
   2.8600000e+02   3.3000000e+01   4.7500000e+01   6.9903226e+01
   2.8700000e+02   3.0000000e+01   4.3666667e+01   6.7000000e+01
   2.8800000e+02   3.7000000e+01   3.2500000e+01   6.7000000e+01
   2.8900000e+02   5.1000000e+01   3.6000000e+01   6.6193548e+01
   2.9000000e+02   4.4000000e+01   3.8166667e+01   6.5032258e+01
   2.9100000e+02   5.4000000e+01   4.1500000e+01   6.4935484e+01
   2.9200000e+02   3.8000000e+01   4.2333333e+01   6.4258065e+01
   2.9300000e+02   6.5000000e+01   4.8166667e+01   6.2645161e+01
   2.9400000e+02   4.9000000e+01   5.0166667e+01   6.2290323e+01
   2.9500000e+02   3.9000000e+01   4.8166667e+01   6.2258065e+01
   2.9600000e+02   8.5000000e+01   5.5000000e+01   6.3870968e+01
   2.9700000e+02   8.6000000e+01   6.0333333e+01   6.4419355e+01
   2.9800000e+02   4.3000000e+01   6.1166667e+01   6.2645161e+01
   2.9900000e+02   3.6000000e+01   5.6333333e+01   5.9645161e+01
   3.0000000e+02   3.1000000e+01   5.3333333e+01   5.6193548e+01
   3.0100000e+02   6.1000000e+01   5.7000000e+01   5.4806452e+01
   3.0200000e+02   4.6000000e+01   5.0500000e+01   5.4129032e+01
   3.0300000e+02   5.8000000e+01   4.5833333e+01   5.2903226e+01
   3.0400000e+02   5.8000000e+01   4.8333333e+01   5.2741935e+01
   3.0500000e+02   3.6000000e+01   4.8333333e+01   5.2516129e+01
   3.0600000e+02   3.2000000e+01   4.8500000e+01   5.1580645e+01
   3.0700000e+02   3.0000000e+01   4.3333333e+01   5.1258065e+01
   3.0800000e+02   2.8000000e+01   4.0333333e+01   5.0387097e+01
   3.0900000e+02   6.0000000e+01   4.0666667e+01   4.9903226e+01
   3.1000000e+02   4.6000000e+01   3.8666667e+01   4.9419355e+01
   3.1100000e+02   3.5000000e+01   3.8500000e+01   4.7193548e+01
   3.1200000e+02   5.8000000e+01   4.2833333e+01   4.7354839e+01
   3.1400000e+02   3.8000000e+01   4.4166667e+01   4.5225806e+01
   3.1500000e+02   3.3000000e+01   4.5000000e+01   4.5322581e+01
   3.1600000e+02   3.7000000e+01   4.1166667e+01   4.5516129e+01
   3.1700000e+02   4.0000000e+01   4.0166667e+01   4.5709677e+01
   3.1800000e+02   6.0000000e+01   4.4333333e+01   4.6580645e+01
   3.1900000e+02   1.1400000e+02   5.3666667e+01   4.9290323e+01
   3.2000000e+02   1.1100000e+02   6.5833333e+01   5.1677419e+01
   3.2100000e+02   1.0400000e+02   7.7666667e+01   5.3387097e+01
   3.2200000e+02   4.6000000e+01   7.9166667e+01   5.3451613e+01
   3.2300000e+02   4.5000000e+01   8.0000000e+01   5.3161290e+01
   3.2400000e+02   4.2000000e+01   7.7000000e+01   5.3290323e+01
   3.2500000e+02   4.1000000e+01   6.4833333e+01   5.2516129e+01
   3.2600000e+02   2.8000000e+01   5.1000000e+01   5.1838710e+01
   3.2700000e+02   4.8000000e+01   4.1666667e+01   5.2129032e+01
   3.2800000e+02   4.0000000e+01   4.0666667e+01   5.0677419e+01
   3.2900000e+02   4.3000000e+01   4.0333333e+01   4.9290323e+01
   3.3000000e+02   4.1000000e+01   4.0166667e+01   4.9225806e+01
   3.3100000e+02   3.2000000e+01   3.8666667e+01   4.9096774e+01
   3.3200000e+02   3.6000000e+01   4.0000000e+01   4.9258065e+01
   3.3300000e+02   5.9000000e+01   4.1833333e+01   4.9193548e+01
   3.3400000e+02   4.3000000e+01   4.2333333e+01   4.9096774e+01
   3.3500000e+02   4.3000000e+01   4.2333333e+01   4.8612903e+01
   3.3600000e+02   7.6000000e+01   4.8166667e+01   4.9193548e+01
   3.3700000e+02   3.4000000e+01   4.8500000e+01   4.9129032e+01
   3.3800000e+02   4.9000000e+01   5.0666667e+01   4.9677419e+01
   3.3900000e+02   7.4000000e+01   5.3166667e+01   5.1096774e+01
   3.4000000e+02   5.3000000e+01   5.4833333e+01   5.1903226e+01
   3.4100000e+02   2.9000000e+01   5.2500000e+01   5.0903226e+01
   3.4200000e+02   3.3000000e+01   4.5333333e+01   5.0483871e+01
   3.4300000e+02   3.0000000e+01   4.4666667e+01   5.0322581e+01
   3.4400000e+02   2.9000000e+01   4.1333333e+01   4.9387097e+01
   3.4500000e+02   1.2300000e+02   4.9500000e+01   5.2129032e+01
   3.4600000e+02   3.7000000e+01   4.6833333e+01   5.2258065e+01
   3.4700000e+02   3.3000000e+01   4.7500000e+01   5.2129032e+01
   3.4800000e+02   3.0000000e+01   4.7000000e+01   5.1806452e+01
   3.4900000e+02   4.0000000e+01   4.8666667e+01   5.1161290e+01
   3.5000000e+02   3.5000000e+01   4.9666667e+01   4.8612903e+01
   3.5100000e+02   5.6000000e+01   3.8500000e+01   4.6838710e+01
   3.5800000e+02   3.9000000e+01   3.8833333e+01   4.4741935e+01
   3.5900000e+02   3.7000000e+01   3.9500000e+01   4.4451613e+01
   3.6000000e+02   3.0000000e+01   3.9500000e+01   4.3967742e+01
   3.6100000e+02   3.7000000e+01   3.9000000e+01   4.3806452e+01
   3.6200000e+02   3.3000000e+01   3.8666667e+01   4.3548387e+01
   3.6300000e+02   5.3000000e+01   3.8166667e+01   4.4354839e+01
   3.6400000e+02   4.7000000e+01   3.9500000e+01   4.4322581e+01
